TL-DOS Lehrstuhlversuch
detector=R1408106
job_number=2015-10-21-014
irradiation_dose [mSv]=5.0

[BEGIN DATA]
time [sec] 	 temperature [K] 	 photoncount 
0.0	102.849507952	0.0
0.0102	104.918507998	0.0
0.0205	106.997957639	0.0
0.0307	109.047524981	1.0
0.041	111.107443771	0.0
0.0512	113.137760926	1.0
0.0614	115.158567407	3.0
0.0717	117.189580078	0.0
0.0819	119.191406504	1.0
0.0922	121.203343259	1.0
0.1024	123.186367896	1.0
0.1126	125.160103392	1.0
0.1229	127.143807344	1.0
0.1331	129.09900489	1.0
0.1434	131.064077265	0.0
0.1536	133.000910976	1.0
0.1638	134.928671919	2.0
0.1741	136.866169122	1.0
0.1843	138.775823923	3.0
0.1946	140.695123537	0.0
0.2048	142.586842255	1.0
0.215	144.469699539	0.0
0.2253	146.362066293	1.0
0.2355	148.227239185	1.0
0.2458	150.10183223	1.0
0.256	151.949486826	0.0
0.2662	153.788486399	1.0
0.2765	155.636773937	0.0
0.2867	157.458501043	0.0
0.297	159.289428878	0.0
0.3072	161.094045745	0.0
0.3174	162.890209192	0.0
0.3277	164.695444258	0.0
0.3379	166.474737568	1.0
0.3482	168.263017293	0.0
0.3584	170.025598917	0.0
0.3686	171.779924027	0.0
0.3789	173.543109449	0.0
0.3891	175.280957381	0.0
0.3994	177.027582406	0.0
0.4096	178.74910792	0.0
0.4198	180.462569241	0.0
0.4301	182.184684488	2.0
0.4403	183.882052437	0.0
0.4506	185.587993032	0.0
0.4608	187.269418763	0.0
0.471	188.942968141	0.0
0.4813	190.624969869	0.0
0.4915	192.282800741	0.0
0.5018	193.949004575	0.0
0.512	195.591264573	0.0
0.5222	197.225831685	0.0
0.5325	198.868654264	0.0
0.5427	200.487869003	1.0
0.553	202.115261672	0.0
0.5632	203.719268232	0.0
0.5734	205.315761097	0.0
0.5837	206.920317134	0.0
0.5939	208.501815232	0.0
0.6042	210.09130077	0.0
0.6144	211.657944936	1.0
0.6246	213.217250425	0.0
0.6349	214.784431268	1.0
0.6451	216.329091266	0.0
0.6554	217.881552649	0.0
0.6656	219.41170471	0.0
0.6758	220.934689034	0.0
0.6861	222.465365271	0.0
0.6963	223.974045243	0.0
0.7066	225.490344883	2.0
0.7168	226.984854855	0.0
0.727	228.472364049	0.0
0.7373	229.967385988	1.0
0.7475	231.440924024	0.0
0.7578	232.921904242	0.0
0.768	234.381602341	0.0
0.7782	235.834462734	0.0
0.7885	237.294660875	0.0
0.7987	238.733875543	0.0
0.809	240.18035904	0.0
0.8192	241.606056146	0.0
0.8294	243.025074818	0.0
0.8397	244.451260318	0.0
0.8499	245.856951117	1.0
0.8602	247.269741431	0.0
0.8704	248.662229535	0.0
0.8806	250.048194766	0.0
0.8909	251.441159888	0.0
0.9011	252.814107695	0.0
0.9114	254.193989647	0.0
0.9216	255.554042292	1.0
0.9318	256.907724002	0.0
0.9421	258.268242554	0.0
0.9523	259.609210056	0.0
0.9626	260.956950186	0.0
0.9728	262.285322896	0.0
0.983	263.607473071	1.0
0.9933	264.936300835	1.0
1.0035	266.246032957	0.0
1.0138	267.562379949	0.0
1.024	268.859810651	0.0
1.0342	270.15116376	0.0
1.0445	271.449038915	2.0
1.0547	272.728263226	0.0
1.065	274.013948327	1.0
1.0752	275.281157757	1.0
1.0854	276.542431162	1.0
1.0957	277.810074693	2.0
1.1059	279.059501818	1.0
1.1162	280.315239239	0.0
1.1264	281.552931348	0.0
1.1366	282.784825698	0.0
1.1469	284.022941796	1.0
1.1571	285.243265805	0.0
1.1674	286.469753124	3.0
1.1776	287.678615462	0.0
1.1878	288.88181509	1.0
1.1981	290.091091542	2.0
1.2083	291.282990338	0.0
1.2186	292.480908882	2.0
1.2288	293.661612987	2.0
1.239	294.836786285	0.0
1.2493	296.017894857	2.0
1.2595	297.182030554	0.0
1.2698	298.35204578	2.0
1.28	299.505247546	4.0
1.2902	300.653047334	5.0
1.3005	301.806644146	2.0
1.3107	302.943663435	5.0
1.321	304.0864253	3.0
1.3312	305.212765343	9.0
1.3414	306.333829238	4.0
1.3517	307.460555126	2.0
1.3619	308.571089634	3.0
1.3722	309.687232954	5.0
1.3824	310.78733697	5.0
1.3926	311.882287735	3.0
1.4029	312.982768608	9.0
1.4131	314.067435248	9.0
1.4234	315.157580055	8.0
1.4336	316.232059163	10.0
1.4438	317.301505056	9.0
1.4541	318.376352243	16.0
1.4643	319.435753561	10.0
1.4746	320.500505442	8.0
1.4848	321.549956527	8.0
1.495	322.594491638	10.0
1.5053	323.644302228	9.0
1.5155	324.679026734	8.0
1.5258	325.71897717	13.0
1.536	326.743983215	13.0
1.5462	327.764187794	14.0
1.5565	328.78954497	10.0
1.5667	329.800167464	14.0
1.577	330.81589416	26.0
1.5872	331.817024567	15.0
1.5974	332.813465349	17.0
1.6077	333.814938708	23.0
1.6179	334.802020603	19.0
1.6282	335.794087806	28.0
1.6384	336.771898714	30.0
1.6486	337.745129234	31.0
1.6589	338.723275106	26.0
1.6691	339.687364736	32.0
1.6794	340.656323551	28.0
1.6896	341.611358146	34.0
1.6998	342.561919044	37.0
1.7101	343.517280799	30.0
1.7203	344.458913728	42.0
1.7306	345.405302423	44.0
1.7408	346.338091236	45.0
1.751	347.266510559	48.0
1.7613	348.199618913	57.0
1.7715	349.119318227	55.0
1.7818	350.043662531	58.0
1.792	350.954723738	64.0
1.8022	351.861517234	56.0
1.8125	352.772890538	62.0
1.8227	353.671167142	63.0
1.833	354.573980539	71.0
1.8432	355.463820244	89.0
1.8534	356.349491646	86.0
1.8637	357.239636179	83.0
1.8739	358.116989075	93.0
1.8842	358.998773088	107.0
1.8944	359.867885607	117.0
1.9046	360.732926917	122.0
1.9149	361.602337164	128.0
1.9251	362.459253731	131.0
1.9354	363.320498201	124.0
1.9456	364.169366336	162.0
1.9558	365.014258094	166.0
1.9661	365.863417021	152.0
1.9763	366.700373287	152.0
1.9866	367.541556645	200.0
1.9968	368.370651952	200.0
2.007	369.195863504	214.0
2.0173	370.02524283	228.0
2.0275	370.842703733	225.0
2.0378	371.664293265	218.0
2.048	372.474076316	264.0
2.0582	373.280066077	293.0
2.0685	374.090126531	279.0
2.0787	374.88854618	296.0
2.089	375.690998289	322.0
2.0992	376.481918928	323.0
2.1094	377.269134633	308.0
2.1197	378.060326213	371.0
2.1299	378.840148139	399.0
2.1402	379.623908597	371.0
2.1504	380.396406188	397.0
2.1606	381.165285146	426.0
2.1709	381.938047367	407.0
2.1811	382.69970477	440.0
2.1914	383.465208964	494.0
2.2016	384.219712638	513.0
2.2118	384.97068197	540.0
2.2221	385.725444111	583.0
2.2323	386.4693601	589.0
2.2426	387.217033276	566.0
2.2528	387.95396217	582.0
2.263	388.687439046	669.0
2.2733	389.424620386	680.0
2.2835	390.151208215	694.0
2.2938	390.881465714	745.0
2.304	391.601229199	727.0
2.3142	392.317621076	788.0
2.3245	393.037631127	787.0
2.3347	393.747294423	782.0
2.345	394.460541912	867.0
2.3552	395.163539826	865.0
2.3654	395.863244666	876.0
2.3757	396.566483402	869.0
2.3859	397.259616392	934.0
2.3962	397.956250087	903.0
2.4064	398.642872952	925.0
2.4166	399.326279449	989.0
2.4269	400.013137528	937.0
2.4371	400.690125255	954.0
2.4474	401.370532144	963.0
2.4576	402.041161387	915.0
2.4678	402.708649182	983.0
2.4781	403.37950816	996.0
2.4883	404.040726698	974.0
2.4986	404.705284755	988.0
2.5088	405.360292919	947.0
2.519	406.012232809	958.0
2.5293	406.667465356	901.0
2.5395	407.313282019	888.0
2.5498	407.962360414	966.0
2.56	408.602111363	900.0
2.5702	409.238865507	851.0
2.5805	409.878835612	850.0
2.5907	410.50960916	845.0
2.601	411.143568462	860.0
2.6112	411.768417585	791.0
2.6214	412.390339708	766.0
2.6317	413.015402882	761.0
2.6419	413.631483715	720.0
2.6522	414.250676097	733.0
2.6624	414.860970504	675.0
2.6726	415.468406091	704.0
2.6829	416.078909563	673.0
2.6931	416.680639922	666.0
2.7034	417.285409352	598.0
2.7136	417.881488069	572.0
2.7238	418.474774556	579.0
2.7341	419.071057469	518.0
2.7443	419.658771621	517.0
2.7546	420.249454055	514.0
2.7648	420.83164821	531.0
2.775	421.411115176	511.0
2.7853	421.99350877	509.0
2.7955	422.567533199	488.0
2.8058	423.144456767	494.0
2.816	423.713089776	447.0
2.8262	424.279059121	493.0
2.8365	424.847886923	520.0
2.8467	425.408540504	553.0
2.857	425.972025695	499.0
2.8672	426.52741344	512.0
2.8774	427.080199565	515.0
2.8877	427.635777566	529.0
2.8979	428.183371749	523.0
2.9082	428.733731585	559.0
2.9184	429.276182589	563.0
2.9286	429.816092574	587.0
2.9389	430.358729404	591.0
2.9491	430.893568383	647.0
2.9594	431.431108595	618.0
2.9696	431.960924197	621.0
2.9798	432.488257969	671.0
2.9901	433.018255067	654.0
3.0003	433.540635952	647.0
3.0106	434.06565515	635.0
3.0208	434.583129668	676.0
3.031	435.098180165	720.0
3.0413	435.615831952	744.0
3.0515	436.126044932	744.0
3.0618	436.638834769	803.0
3.072	437.144255666	761.0
3.0822	437.647309006	743.0
3.0925	438.152903043	850.0
3.1027	438.651231545	792.0
3.113	439.152076883	822.0
3.1232	439.645724926	830.0
3.1334	440.13706056	830.0
3.1437	440.63087771	877.0
3.1539	441.117598563	905.0
3.1642	441.606777626	877.0
3.1744	442.088927043	932.0
3.1846	442.568817913	928.0
3.1949	443.051132497	941.0
3.2051	443.52651608	937.0
3.2154	444.004300613	940.0
3.2256	444.475219242	974.0
3.2358	444.943931933	970.0
3.2461	445.415011883	1002.0
3.2563	445.879322276	978.0
3.2666	446.345977693	923.0
3.2768	446.805927136	990.0
3.287	447.263722024	955.0
3.2973	447.723829029	1020.0
3.3075	448.177324162	972.0
3.3178	448.633109697	964.0
3.328	449.08234546	1012.0
3.3382	449.529476854	1028.0
3.3485	449.97886651	944.0
3.3587	450.421798305	1034.0
3.369	450.86696715	928.0
3.3792	451.305738789	918.0
3.3894	451.742455077	934.0
3.3997	452.181377024	951.0
3.4099	452.613991534	961.0
3.4202	453.048790986	874.0
3.4304	453.477342244	887.0
3.4406	453.903886026	932.0
3.4509	454.33258409	841.0
3.4611	454.755121638	883.0
3.4714	455.179793233	926.0
3.4816	455.598362175	863.0
3.4918	456.014970401	849.0
3.5021	456.433682729	901.0
3.5123	456.846378038	858.0
3.5226	457.261157687	860.0
3.5328	457.669976832	843.0
3.543	458.076880933	874.0
3.5533	458.485840124	842.0
3.5635	458.888922452	812.0
3.5738	459.294040569	864.0
3.584	459.693337021	802.0
3.5942	460.090763036	767.0
3.6045	460.490196272	811.0
3.6147	460.883889536	764.0
3.625	461.279571169	794.0
3.6352	461.669566741	770.0
3.6454	462.057735445	787.0
3.6557	462.447864616	793.0
3.6659	462.832387517	730.0
3.6762	463.218852471	786.0
3.6864	463.599763811	814.0
3.6966	463.978890836	780.0
3.7069	464.359932663	779.0
3.7171	464.735498807	739.0
3.7274	465.112961768	730.0
3.7376	465.485000475	690.0
3.7478	465.855296431	767.0
3.7581	466.227462587	785.0
3.7683	466.594280606	747.0
3.7786	466.962951258	794.0
3.7888	467.326324006	733.0
3.799	467.687994596	780.0
3.8093	468.051491822	747.0
3.8195	468.409765488	789.0
3.8298	468.769848633	789.0
3.84	469.124757278	787.0
3.8502	469.478003414	826.0
3.8605	469.833033639	756.0
3.8707	470.182961975	769.0
3.881	470.534657643	741.0
3.8912	470.881299342	753.0
3.9014	471.226317257	776.0
3.9117	471.573077703	848.0
3.9219	471.9148551	778.0
3.9322	472.258358661	800.0
3.9424	472.596925977	814.0
3.9526	472.933907331	725.0
3.9629	473.272590628	738.0
3.9731	473.606406946	749.0
3.9834	473.941909222	738.0
3.9936	474.272590232	777.0
4.0038	474.601722223	744.0
4.0141	474.932516513	716.0
4.0243	475.258557192	771.0
4.0346	475.586244556	705.0
4.0448	475.909222958	695.0
4.055	476.230688422	744.0
4.0653	476.553777465	738.0
4.0755	476.872223624	748.0
4.0858	477.192278112	725.0
4.096	477.507733323	726.0
4.1062	477.821710838	776.0
4.1165	478.137274114	775.0
4.1267	478.448302653	767.0
4.137	478.760902058	740.0
4.1472	479.069009318	705.0
4.1574	479.375673302	723.0
4.1677	479.683886109	701.0
4.1779	479.987669808	702.0
4.1882	480.292987782	722.0
4.1984	480.593918248	716.0
4.2086	480.893439057	728.0
4.2189	481.194472611	634.0
4.2291	481.491180225	683.0
4.2394	481.789386377	667.0
4.2496	482.083307219	678.0
4.2598	482.375851239	706.0
4.2701	482.669872768	723.0
4.2803	482.959669122	660.0
4.2906	483.250929108	677.0
4.3008	483.538003603	650.0
4.311	483.823733346	674.0
4.3213	484.110906182	655.0
4.3315	484.393952261	706.0
4.3418	484.678427878	674.0
4.352	484.958815499	640.0
4.3622	485.237889691	618.0
4.3725	485.518373362	682.0
4.3827	485.794826401	634.0
4.393	486.07267568	612.0
4.4032	486.346532185	612.0
4.4134	486.619105855	641.0
4.4237	486.893056173	655.0
4.4339	487.163069744	624.0
4.4442	487.434447034	655.0
4.4544	487.701924553	618.0
4.4646	487.968149118	564.0
4.4749	488.235718266	575.0
4.4851	488.499442366	605.0
4.4954	488.764498419	643.0
4.5056	489.025745538	594.0
4.5158	489.285768891	582.0
4.5261	489.547105505	616.0
4.5363	489.804686635	617.0
4.5466	490.063568693	581.0
4.5568	490.31873054	615.0
4.567	490.572697125	629.0
4.5773	490.827946381	634.0
4.5875	491.079527631	609.0
4.5978	491.332379505	613.0
4.608	491.581597824	593.0
4.6182	491.829648723	618.0
4.6285	492.078952415	592.0
4.6387	492.324673541	622.0
4.649	492.571635694	624.0
4.6592	492.815048929	640.0
4.6694	493.057321936	581.0
4.6797	493.300818556	607.0
4.6899	493.540816058	594.0
4.7002	493.78202568	620.0
4.7104	494.01976905	584.0
4.7206	494.256398751	597.0
4.7309	494.494223563	584.0
4.7411	494.728630763	575.0
4.7514	494.964221849	583.0
4.7616	495.196427423	647.0
4.7718	495.427545269	551.0
4.7821	495.659830387	612.0
4.7923	495.888777501	571.0
4.8026	496.118880924	609.0
4.8128	496.345677694	641.0
4.823	496.571412073	590.0
4.8333	496.798286536	607.0
4.8435	497.021900746	660.0
4.8538	497.246644332	621.0
4.864	497.468158286	605.0
4.8742	497.688634597	625.0
4.8845	497.910224434	609.0
4.8947	498.128629961	594.0
4.905	498.348138556	606.0
4.9152	498.564492749	618.0
4.9254	498.779833468	612.0
4.9357	498.996261776	586.0
4.9459	499.209579946	586.0
4.9562	499.423975491	546.0
4.9664	499.635290109	566.0
4.9766	499.845614861	640.0
4.9869	500.057001868	600.0
4.9971	500.265351182	570.0
5.0074	500.474752775	578.0
5.0176	500.681145207	579.0
5.0278	500.886570828	555.0
5.0381	501.093033962	580.0
5.0483	501.296530161	606.0
5.0586	501.501054128	626.0
5.0688	501.702639026	532.0
5.079	501.903279634	555.0
5.0893	502.104933587	553.0
5.0995	502.303689715	559.0
5.1098	502.503449671	544.0
5.12	502.700339018	581.0
5.1302	502.89630607	580.0
5.1405	503.093262864	556.0
5.1507	503.287389332	550.0
5.161	503.482496246	521.0
5.1712	503.674799416	517.0
5.1814	503.866201775	506.0
5.1917	504.058570821	570.0
5.2019	504.248175469	530.0
5.2122	504.438737724	502.0
5.2224	504.626561544	536.0
5.2326	504.813505536	465.0
5.2429	505.001393698	516.0
5.2531	505.186581853	490.0
5.2634	505.372705309	482.0
5.2736	505.556154118	468.0
5.2838	505.738743592	488.0
5.2941	505.922255243	465.0
5.3043	506.103129779	468.0
5.3146	506.284917831	490.0
5.3248	506.464093535	456.0
5.335	506.642429922	444.0
5.3453	506.821667006	455.0
5.3555	506.9983284	432.0
5.3658	507.175882033	432.0
5.376	507.350884167	412.0
5.3862	507.525066535	418.0
5.3965	507.700128619	403.0
5.4067	507.87267501	419.0
5.417	508.046092856	378.0
5.4272	508.217018636	359.0
5.4374	508.387143744	380.0
5.4477	508.558128078	359.0
5.4579	508.726655317	394.0
5.4682	508.896033712	333.0
5.4784	509.06297809	365.0
5.4886	509.229140445	339.0
5.4989	509.396142012	337.0
5.5091	509.560743718	321.0
5.5194	509.726176753	338.0
5.5296	509.889232467	328.0
5.5398	510.051524375	315.0
5.5501	510.214635946	287.0
5.5603	510.375403557	302.0
5.5706	510.536983133	294.0
5.5808	510.696240763	299.0
5.591	510.854752378	269.0
5.6013	511.014064564	253.0
5.6115	511.171087388	283.0
5.6218	511.328903263	252.0
5.632	511.484451279	239.0
5.6422	511.639270656	253.0
5.6525	511.794871957	211.0
5.6627	511.948237221	236.0
5.673	512.102377065	251.0
5.6832	512.254301874	214.0
5.6934	512.405515018	200.0
5.7037	512.557491871	219.0
5.7139	512.707284773	189.0
5.7242	512.857834212	208.0
5.7344	513.006220211	196.0
5.7446	513.153911121	180.0
5.7549	513.302347952	170.0
5.7651	513.448651703	155.0
5.7754	513.595694368	193.0
5.7856	513.740623987	162.0
5.7958	513.884874709	127.0
5.8061	514.029853976	132.0
5.8163	514.172749848	131.0
5.8266	514.316367424	134.0
5.8368	514.457921173	151.0
5.847	514.598811838	139.0
5.8573	514.740414079	129.0
5.8675	514.879981454	115.0
5.8778	515.020253721	135.0
5.888	515.158510235	124.0
5.8982	515.29611911	120.0
5.9085	515.434422986	95.0
5.9187	515.570739395	105.0
5.929	515.707744277	88.0
5.9392	515.842780359	100.0
5.9494	515.977183887	91.0
5.9597	516.112266228	85.0
5.9699	516.245407395	79.0
5.9802	516.379221	80.0
5.9904	516.511111663	83.0
6.0006	516.642384508	80.0
6.0109	516.774320352	79.0
6.0211	516.904360241	83.0
6.0314	517.035056902	67.0
6.0416	517.163875414	60.0
6.0518	517.292090498	83.0
6.0621	517.420953139	53.0
6.0723	517.547963986	65.0
6.0826	517.675616309	53.0
6.0928	517.80143423	41.0
6.103	517.926662778	57.0
6.1133	518.0525238	46.0
6.1235	518.176576162	46.0
6.1338	518.301255057	45.0
6.144	518.424142281	45.0
6.1542	518.546453859	47.0
6.1645	518.669383179	45.0
6.1747	518.790545969	47.0
6.185	518.912320698	40.0
6.1952	519.032345488	50.0
6.2054	519.151808043	30.0
6.2157	519.271873949	32.0
6.2259	519.390214474	41.0
6.2362	519.509152683	23.0
6.2464	519.626381716	24.0
6.2566	519.74306161	34.0
6.2669	519.860330801	32.0
6.2771	519.9759148	38.0
6.2874	520.092082561	21.0
6.2976	520.206580959	30.0
6.3078	520.320543008	35.0
6.3181	520.435080628	26.0
6.3283	520.547972309	32.0
6.3386	520.661434156	22.0
6.3488	520.773265523	19.0
6.359	520.884573034	19.0
6.3693	520.996442711	26.0
6.3795	521.106704787	23.0
6.3898	521.217523748	28.0
6.4	521.326750208	23.0
6.4102	521.435465015	21.0
6.4205	521.544728892	16.0
6.4307	521.652422616	28.0
6.441	521.760660252	18.0
6.4512	521.867342481	14.0
6.4614	521.973524976	22.0
6.4717	522.080243752	11.0
6.4819	522.185428947	19.0
6.4922	522.291145386	13.0
6.5024	522.395342648	10.0
6.5126	522.499051817	13.0
6.5229	522.603284774	23.0
6.5331	522.706019872	8.0
6.5434	522.80927384	13.0
6.5536	522.911044019	19.0
6.5638	523.012337472	10.0
6.5741	523.114142513	10.0
6.5843	523.214484586	11.0
6.5946	523.315333442	12.0
6.6048	523.41473307	9.0
6.615	523.513667078	17.0
6.6253	523.613100757	14.0
6.6355	523.711105546	7.0
6.6458	523.809605312	7.0
6.656	523.906689608	16.0
6.6662	524.00331913	7.0
6.6765	524.100436683	4.0
6.6867	524.19615863	8.0
6.697	524.292364025	8.0
6.7072	524.38718692	11.0
6.7174	524.481565634	8.0
6.7277	524.576421012	9.0
6.7379	524.669913291	9.0
6.7482	524.763877757	4.0
6.7584	524.856491927	6.0
6.7686	524.948672261	11.0
6.7789	525.041318158	6.0
6.7891	525.132632705	5.0
6.7994	525.224408441	6.0
6.8096	525.314865334	4.0
6.8198	525.404898496	6.0
6.8301	525.495386376	4.0
6.8403	525.584573918	7.0
6.8506	525.674211907	10.0
6.8608	525.762561772	6.0
6.871	525.850497777	11.0
6.8813	525.938877907	7.0
6.8915	526.025987989	8.0
6.9018	526.113538025	1.0
6.912	526.199829941	11.0
6.9222	526.285717638	5.0
6.9325	526.372039115	13.0
6.9427	526.457120127	3.0
6.953	526.542630846	4.0
6.9632	526.62691275	4.0
6.9734	526.71079985	6.0
6.9837	526.795110627	3.0
6.9939	526.878209833	6.0
7.0042	526.961728735	9.0
7.0144	527.044047447	8.0
7.0246	527.125980551	7.0
7.0349	527.208327462	5.0
7.0451	527.289491024	8.0
7.0554	527.371064507	4.0
7.0656	527.451465756	1.0
7.0758	527.531490378	2.0
7.0861	527.611919169	7.0
7.0963	527.691192174	6.0
7.1066	527.770865553	7.0
7.1168	527.849394001	7.0
7.127	527.927554596	2.0
7.1373	528.006109946	5.0
7.1475	528.083536432	9.0
7.1578	528.161353965	4.0
7.168	528.238053237	4.0
7.1782	528.314393224	3.0
7.1885	528.391118771	5.0
7.1987	528.466741749	6.0
7.209	528.542746665	1.0
7.2192	528.617659368	3.0
7.2294	528.692221155	5.0
7.2397	528.767159521	6.0
7.2499	528.841021	3.0
7.2602	528.915255521	2.0
7.2704	528.98842327	6.0
7.2806	529.061248277	6.0
7.2909	529.13444109	5.0
7.3011	529.206582102	3.0
7.3114	529.279087465	3.0
7.3216	529.350550906	3.0
7.3318	529.421679588	6.0
7.3421	529.493167509	4.0
7.3523	529.563628128	4.0
7.3626	529.634444611	1.0
7.3728	529.704243442	4.0
7.383	529.773715311	3.0
7.3933	529.843538052	8.0
7.4035	529.91235742	5.0
7.4138	529.981524364	3.0
7.424	530.049697358	4.0
7.4342	530.117551008	5.0
7.4445	530.185747356	5.0
7.4547	530.252963703	6.0
7.465	530.320519529	12.0
7.4752	530.387104558	4.0
7.4854	530.453377682	4.0
7.4957	530.519985521	0.0
7.5059	530.585636186	3.0
7.5162	530.651618423	3.0
7.5264	530.716652476	9.0
7.5366	530.781381888	4.0
7.5469	530.84643822	1.0
7.5571	530.910559673	2.0
7.5674	530.975004975	2.0
7.5776	531.038524179	1.0
7.5878	531.101745838	3.0
7.5981	531.165286801	1.0
7.6083	531.227914663	3.0
7.6186	531.290858829	4.0
7.6288	531.35289847	2.0
7.639	531.414647496	3.0
7.6493	531.476708389	7.0
7.6595	531.537877449	4.0
7.6698	531.599355447	6.0
7.68	531.659949987	7.0
7.6902	531.720260683	5.0
7.7005	531.780875982	2.0
7.7107	531.840620221	3.0
7.721	531.900666201	2.0
7.7312	531.959849303	4.0
7.7414	532.018755172	4.0
7.7517	532.077958548	4.0
7.7619	532.136311154	5.0
7.7722	532.194958473	3.0
7.7824	532.252763013	4.0
7.7926	532.310296777	8.0
7.8029	532.368121119	1.0
7.8131	532.425114508	6.0
7.8234	532.482395746	2.0
7.8336	532.538853835	1.0
7.8438	532.595047456	6.0
7.8541	532.651524885	2.0
7.8643	532.707190718	3.0
7.8746	532.763137694	6.0
7.8848	532.818280695	7.0
7.895	532.873165388	3.0
7.9053	532.92832728	4.0
7.9155	532.982696479	5.0
7.9258	533.037340272	5.0
7.936	533.091198819	5.0
7.9462	533.144805074	2.0
7.9565	533.19868207	3.0
7.9667	533.251784838	2.0
7.977	533.305155804	1.0
7.9872	533.357759814	3.0
7.9974	533.41011741	2.0
8.0077	533.46273944	2.0
8.0179	533.514605277	3.0
8.0282	533.566733064	4.0
8.0384	533.61811176	8.0
8.0486	533.669249781	2.0
8.0589	533.720646078	1.0
8.0691	533.771303795	2.0
8.0794	533.822217361	6.0
8.0896	533.872399284	4.0
8.0998	533.922346139	2.0
8.1101	533.972545253	7.0
8.1203	534.022022991	1.0
8.1306	534.071750619	4.0
8.1408	534.120763646	3.0
8.151	534.169547081	5.0
8.1613	534.218576898	2.0
8.1715	534.266902143	4.0
8.1818	534.315471457	4.0
8.192	534.363342816	1.0
8.2022	534.410989929	2.0
8.2125	534.458877687	2.0
8.2227	534.506077284	3.0
8.233	534.553515265	3.0
8.2432	534.600271548	2.0
8.2534	534.646808809	1.0
8.2637	534.693581109	4.0
8.2739	534.739681278	8.0
8.2842	534.786014278	3.0
8.2944	534.831681459	3.0
8.3046	534.87713472	2.0
8.3149	534.922817545	0.0
8.3251	534.967843895	4.0
8.3354	535.013097652	3.0
8.3456	535.0577011	2.0
8.3558	535.102095611	3.0
8.3661	535.146714338	2.0
8.3763	535.190691882	1.0
8.3866	535.234891536	2.0
8.3968	535.278456028	4.0
8.407	535.32181645	1.0
8.4173	535.365395866	5.0
8.4275	535.408349033	0.0
8.4378	535.451519137	4.0
8.448	535.494068874	2.0
8.4582	535.536419294	3.0
8.4685	535.578983608	4.0
8.4787	535.620936259	4.0
8.489	535.663100795	4.0
8.4992	535.704659414	3.0
8.5094	535.746023359	1.0
8.5197	535.787596215	3.0
8.5299	535.828571656	3.0
8.5402	535.869754046	4.0
8.5504	535.910344633	2.0
8.5606	535.950745081	1.0
8.5709	535.991349573	5.0
8.5811	536.031370567	4.0
8.5914	536.071593688	3.0
8.6016	536.111238792	2.0
8.6118	536.150698185	2.0
8.6221	536.19035687	0.0
8.6323	536.229445648	1.0
8.6426	536.268731846	2.0
8.6528	536.307453489	9.0
8.663	536.345993748	1.0
8.6733	536.384728657	4.0
8.6835	536.422906933	6.0
8.6938	536.461278031	2.0
8.704	536.499097725	2.0
8.7142	536.536740259	2.0
8.7245	536.574572909	1.0
8.7347	536.611861892	5.0
8.745	536.649339206	3.0
8.7552	536.686277959	2.0
8.7654	536.723043679	3.0
8.7757	536.759995087	1.0
8.7859	536.796415492	3.0
8.7962	536.83301984	1.0
8.8064	536.869098173	5.0
8.8166	536.905007503	1.0
8.8269	536.941098195	2.0
8.8371	536.976670253	2.0
8.8474	537.01242197	5.0
8.8576	537.047659924	2.0
8.8678	537.082732812	1.0
8.8781	537.117982838	0.0
8.8883	537.15272631	0.0
8.8986	537.187645256	5.0
8.9088	537.222062407	2.0
8.919	537.256318336	3.0
8.9293	537.290747277	3.0
8.9395	537.324681464	4.0
8.9498	537.358787037	2.0
8.96	537.392402503	1.0
8.9702	537.425860503	1.0
8.9805	537.459487485	2.0
8.9907	537.492631237	2.0
9.001	537.525942383	2.0
9.0112	537.558774839	2.0
9.0214	537.591453496	2.0
9.0317	537.624297199	4.0
9.0419	537.656668928	1.0
9.0522	537.689204152	3.0
9.0624	537.721271836	2.0
9.0726	537.753189304	3.0
9.0829	537.785267973	4.0
9.0931	537.816885662	1.0
9.1034	537.848663038	3.0
9.1136	537.879983763	3.0
9.1238	537.911157772	2.0
9.1341	537.942489227	3.0
9.1443	537.97337044	1.0
9.1546	538.00440762	0.0
9.1648	538.034998787	2.0
9.175	538.065446655	1.0
9.1853	538.096048301	3.0
9.1955	538.126210192	1.0
9.2058	538.156524418	3.0
9.216	538.18640302	2.0
9.2262	538.21614166	5.0
9.2365	538.246030497	2.0
9.2467	538.275489822	2.0
9.257	538.305097934	4.0
9.2672	538.334280568	2.0
9.2774	538.363326501	2.0
9.2877	538.392519132	2.0
9.2979	538.421292257	0.0
9.3082	538.450210702	3.0
9.3184	538.47871358	3.0
9.3286	538.507082941	4.0
9.3389	538.535595584	1.0
9.3491	538.563698491	2.0
9.3594	538.591943333	2.0
9.3696	538.619782289	3.0
9.3798	538.647490838	3.0
9.3901	538.675339331	3.0
9.4003	538.702787633	4.0
9.4106	538.730374563	2.0
9.4208	538.757565062	1.0
9.431	538.784628191	2.0
9.4413	538.811828004	1.0
9.4515	538.838636947	3.0
9.4618	538.865581291	1.0
9.472	538.892138437	6.0
9.4822	538.91857118	1.0
9.4925	538.945137423	1.0
9.5027	538.971321901	5.0
9.513	538.997638626	5.0
9.5232	539.023577172	0.0
9.5334	539.049394212	1.0
9.5437	539.075341644	2.0
9.5539	539.100916203	5.0
9.5642	539.126619927	4.0
9.5744	539.151954282	1.0
9.5846	539.177169962	2.0
9.5949	539.202512995	5.0
9.6051	539.227491842	2.0
9.6154	539.252596845	3.0
9.6256	539.277341083	0.0
9.6358	539.30196941	2.0
9.6461	539.326722123	1.0
9.6563	539.351119133	3.0
9.6666	539.375639362	1.0
9.6768	539.399807227	3.0
9.687	539.423861883	2.0
9.6973	539.448038027	3.0
9.7075	539.471866754	7.0
9.7178	539.495815828	3.0
9.728	539.519420748	1.0
9.7382	539.542915094	2.0
9.7485	539.5665281	1.0
9.7587	539.589801779	6.0
9.769	539.613193004	2.0
9.7792	539.63624809	6.0
9.7894	539.659195179	1.0
9.7997	539.682258163	1.0
9.8099	539.704989725	1.0
9.8202	539.727836094	4.0
9.8304	539.750354154	2.0
9.8406	539.772766732	2.0
9.8509	539.795292506	3.0
9.8611	539.817494578	6.0
9.8714	539.839808783	4.0
9.8816	539.861802326	1.0
9.8918	539.883692844	1.0
9.9021	539.905693921	2.0
9.9123	539.927378837	2.0
9.9226	539.949173273	1.0
9.9328	539.970654517	5.0
9.943	539.992035136	4.0
9.9533	540.013523738	2.0
9.9635	540.034703543	4.0
9.9738	540.055990318	2.0
9.984	540.076971196	4.0
9.9942	540.097853792	2.0
10.0045	540.118841857	1.0
10.0147	540.139528317	2.0
10.025	540.160319255	1.0
10.0352	540.180811422	0.0
10.0454	540.201207596	0.0
10.0557	540.221706783	2.0
10.0659	540.24191139	2.0
10.0762	540.262218041	2.0
10.0864	540.28223288	4.0
10.0966	540.302153963	1.0
10.1069	540.322175659	1.0
10.1171	540.341909636	2.0
10.1274	540.361743282	0.0
10.1376	540.381291912	0.0
10.1478	540.40074897	4.0
10.1581	540.420304296	2.0
10.1683	540.439578607	4.0
10.1786	540.458950264	1.0
10.1888	540.478043545	1.0
10.199	540.497047386	3.0
10.2093	540.516147207	3.0
10.2195	540.534972558	2.0
10.2298	540.553892988	1.0
10.24	540.572541525	2.0
10.2502	540.591102707	3.0
10.2605	540.609757633	4.0
10.2707	540.628144482	0.0
10.281	540.646624195	2.0
10.2912	540.664838349	0.0
10.3014	540.682967182	1.0
10.3117	540.701187575	3.0
10.3219	540.719146136	2.0
10.3322	540.737195398	3.0
10.3424	540.754985287	0.0
10.3526	540.772691842	1.0
10.3629	540.790487824	3.0
10.3731	540.808028074	1.0
10.3834	540.825656911	2.0
10.3936	540.843032417	2.0
10.4038	540.86032653	6.0
10.4141	540.877707988	2.0
10.4243	540.894839669	3.0
10.4346	540.912057875	0.0
10.4448	540.929028651	3.0
10.455	540.945919929	5.0
10.4653	540.962896518	4.0
10.4755	540.979629148	5.0
10.4858	540.996446287	4.0
10.496	541.013021759	1.0
10.5062	541.029519587	4.0
10.5165	541.046100737	1.0
10.5267	541.062443611	1.0
10.537	541.078869026	1.0
10.5472	541.095058403	1.0
10.5574	541.111171943	1.0
10.5677	541.127366866	1.0
10.5779	541.143329063	2.0
10.5882	541.159371878	2.0
10.5984	541.175184153	2.0
10.6086	541.190922358	4.0
10.6189	541.206740049	1.0
10.6291	541.222330436	1.0
10.6394	541.237999563	2.0
10.6496	541.25344352	4.0
10.6598	541.268815133	4.0
10.6701	541.28426438	1.0
10.6803	541.299491617	0.0
10.6906	541.314795761	4.0
10.7008	541.329879979	0.0
10.711	541.344893538	3.0
10.7213	541.359982924	2.0
10.7315	541.37485547	3.0
10.7418	541.389803132	3.0
10.752	541.404535991	4.0
10.7622	541.419199836	1.0
10.7725	541.433937742	0.0
10.7827	541.44846386	1.0
10.793	541.463063343	2.0
10.8032	541.477453027	5.0
10.8134	541.491775305	1.0
10.8237	541.506169919	1.0
10.8339	541.520357677	1.0
10.8442	541.534617092	1.0
10.8544	541.548671595	1.0
10.8646	541.562660262	3.0
10.8749	541.576719579	1.0
10.8851	541.59057686	2.0
10.8954	541.604504128	2.0
10.9056	541.618231257	2.0
10.9158	541.631894083	2.0
10.9261	541.645625914	2.0
10.9363	541.659160415	3.0
10.9466	541.672763273	0.0
10.9568	541.686170653	5.0
10.967	541.699515229	1.0
10.9773	541.712927203	5.0
10.9875	541.726146442	2.0
10.9978	541.739432446	4.0
11.008	541.752527527	4.0
11.0182	541.765561265	2.0
11.0285	541.778660831	1.0
11.0387	541.791572153	0.0
11.049	541.804548683	0.0
11.0592	541.817338738	4.0
11.0694	541.830068879	2.0
11.0797	541.842863315	2.0
11.0899	541.855473891	0.0
11.1002	541.868148157	4.0
11.1104	541.880640291	3.0
11.1206	541.893073907	0.0
11.1309	541.90557032	1.0
11.1411	541.917887155	4.0
11.1514	541.930266198	1.0
11.1616	541.94246735	2.0
11.1718	541.954611348	1.0
11.1821	541.966816679	1.0
11.1923	541.978846617	1.0
11.2026	541.990937312	1.0
11.2128	542.002854261	1.0
11.223	542.014715386	2.0
11.2333	542.026636417	5.0
11.2435	542.038386139	4.0
11.2538	542.050195204	1.0
11.264	542.061834569	2.0
11.2742	542.073419412	0.0
11.2845	542.085062764	2.0
11.2947	542.096538798	2.0
11.305	542.108072792	5.0
11.3152	542.11944104	1.0
11.3254	542.130756034	4.0
11.3357	542.142128176	2.0
11.3459	542.153336897	4.0
11.3562	542.164602228	4.0
11.3664	542.175705673	1.0
11.3766	542.186757106	2.0
11.3869	542.197864354	2.0
11.3971	542.208811988	3.0
11.4074	542.219814914	0.0
11.4176	542.230659724	2.0
11.4278	542.241453734	4.0
11.4381	542.25230226	2.0
11.4483	542.262994889	4.0
11.4586	542.273741522	1.0
11.4688	542.284333722	1.0
11.479	542.294876305	2.0
11.4893	542.305472134	1.0
11.4995	542.315915698	0.0
11.5098	542.326412008	2.0
11.52	542.336757482	1.0
11.5302	542.347054495	4.0
11.5405	542.357403514	1.0
11.5507	542.367603814	4.0
11.561	542.377855631	1.0
11.5712	542.387960127	1.0
11.5814	542.39801729	1.0
11.5917	542.408125247	1.0
11.6019	542.41808795	3.0
11.6122	542.42810097	2.0
11.6224	542.4379701	3.0
11.6326	542.447793	4.0
11.6429	542.457665511	1.0
11.6531	542.467396151	4.0
11.6634	542.477175936	1.0
11.6736	542.486815182	2.0
11.6838	542.496409276	1.0
11.6941	542.506051824	1.0
11.7043	542.515555807	2.0
11.7146	542.52510779	1.0
11.7248	542.534522508	2.0
11.735	542.543893124	4.0
11.7453	542.553311068	0.0
11.7555	542.562593672	0.0
11.7658	542.571923159	1.0
11.776	542.581118579	0.0
11.7862	542.590270924	4.0
11.7965	542.599469493	1.0
11.8067	542.608535877	1.0
11.817	542.61764805	5.0
11.8272	542.626629279	3.0
11.8374	542.635568437	1.0
11.8477	542.644552743	2.0
11.8579	542.653407942	1.0
11.8682	542.662307864	5.0
11.8784	542.671079892	1.0
11.8886	542.679810828	3.0
11.8989	542.688585861	4.0
11.9091	542.697234794	3.0
11.9194	542.705927409	2.0
11.9296	542.714495108	1.0
11.9398	542.723022674	3.0
11.9501	542.731593308	1.0
11.9603	542.74004078	0.0
11.9706	542.748530916	0.0
11.9808	542.756899047	3.0
11.991	542.765227979	4.0
12.0013	542.773598976	1.0
12.0115	542.781849679	3.0
12.0218	542.790142053	3.0
12.032	542.798315264	2.0
12.0422	542.806450188	2.0
12.0525	542.814626198	0.0
12.0627	542.822684717	0.0
12.073	542.830783935	0.0
12.0832	542.838766766	1.0
12.0934	542.846712202	1.0
12.1037	542.854697767	0.0
12.1139	542.862568577	2.0
12.1242	542.870479139	1.0
[END DATA]
