TL-DOS Lehrstuhlversuch
detector=R1408201
job_number=2015-11-04-001
irradiation_dose [mSv]=0.08

[BEGIN DATA]
time [sec] 	 temperature [K] 	 photoncount 
0.0	197.124809407	0.0
0.0102	198.823545688	1.0
0.0205	200.530751451	0.0
0.0307	202.21331568	3.0
0.041	203.90426876	1.0
0.0512	205.570814894	2.0
0.0614	207.229447954	2.0
0.0717	208.896350551	0.0
0.0819	210.539193342	0.0
0.0922	212.190226944	0.0
0.1024	213.817429791	1.0
0.1126	215.436906374	2.0
0.1229	217.064457268	2.0
0.1331	218.668516354	1.0
0.1434	220.280572883	0.0
0.1536	221.869361247	0.0
0.1638	223.450605746	0.0
0.1741	225.03973394	0.0
0.1843	226.605924913	2.0
0.1946	228.179924528	0.0
0.2048	229.731205286	0.0
0.215	231.275120271	1.0
0.2253	232.826732836	3.0
0.2355	234.355949675	1.0
0.2458	235.892790812	0.0
0.256	237.407449431	0.0
0.2662	238.914916165	0.0
0.2765	240.429898759	1.0
0.2867	241.923014336	0.0
0.297	243.42357422	0.0
0.3072	244.902475264	0.0
0.3174	246.374354207	1.0
0.3277	247.853571577	2.0
0.3379	249.31143816	0.0
0.3482	250.776573307	0.0
0.3584	252.220560929	0.0
0.3686	253.657692226	0.0
0.3789	255.101988706	0.0
0.3891	256.525438443	0.0
0.3994	257.955985149	0.0
0.4096	259.365883574	0.0
0.4198	260.769087536	0.0
0.4301	262.179287527	0.0
0.4403	263.569132919	0.0
0.4506	264.965907737	0.0
0.4608	266.342521732	0.0
0.471	267.712599304	0.0
0.4813	269.089507747	0.0
0.4915	270.446542113	1.0
0.5018	271.810342319	0.0
0.512	273.154457652	0.0
0.5222	274.492190872	0.0
0.5325	275.836593701	0.0
0.5427	277.161591636	0.0
0.553	278.493195684	0.0
0.5632	279.805579572	0.0
0.5734	281.111732016	0.0
0.5837	282.424396614	0.0
0.5939	283.718114421	0.0
0.6042	285.018282388	0.0
0.6144	286.299683938	1.0
0.6246	287.575001153	1.0
0.6349	288.856676786	1.0
0.6451	290.119852919	0.0
0.6554	291.389326936	0.0
0.6656	292.64047757	0.0
0.6758	293.885687505	1.0
0.6861	295.13710575	0.0
0.6963	296.370461225	0.0
0.7066	297.609965907	0.0
0.7168	298.831579778	0.0
0.727	300.047393195	0.0
0.7373	301.26926836	0.0
0.7475	302.473507174	0.0
0.7578	303.683750027	0.0
0.768	304.876524429	1.0
0.7782	306.063635313	0.0
0.7885	307.25666484	0.0
0.7987	308.432474371	0.0
0.809	309.614146198	0.0
0.8192	310.778761964	0.0
0.8294	311.937847915	1.0
0.8397	313.102712784	1.0
0.8499	314.25076418	0.0
0.8602	315.404539477	0.0
0.8704	316.541661367	2.0
0.8806	317.673383989	1.0
0.8909	318.810749101	0.0
0.9011	319.931697667	1.0
0.9114	321.058235008	2.0
0.9216	322.168512089	0.0
0.9318	323.273517365	0.0
0.9421	324.384031926	0.0
0.9523	325.478517498	0.0
0.9626	326.578459906	0.0
0.9728	327.662525922	0.0
0.983	328.741444588	0.0
0.9933	329.825742477	0.0
1.0035	330.894389785	0.0
1.0138	331.968365105	1.0
1.024	333.026838837	1.0
1.0342	334.080286737	0.0
1.0445	335.138986869	0.0
1.0547	336.182405894	0.0
1.065	337.231027148	2.0
1.0752	338.264512772	1.0
1.0854	339.293091212	1.0
1.0957	340.326797891	2.0
1.1059	341.345584213	1.0
1.1162	342.369449954	0.0
1.1264	343.37853738	1.0
1.1366	344.38283347	1.0
1.1469	345.392136733	0.0
1.1571	346.386871874	1.0
1.1674	347.38656652	2.0
1.1776	348.371831734	3.0
1.1878	349.352418724	0.0
1.1981	350.337894679	2.0
1.2083	351.309146432	3.0
1.2186	352.285240607	2.0
1.2288	353.247245995	1.0
1.239	354.204683602	4.0
1.2493	355.166894756	2.0
1.2595	356.115217509	2.0
1.2698	357.068268366	2.0
1.28	358.007563039	2.0
1.2902	358.942397765	6.0
1.3005	359.881893347	1.0
1.3107	360.807828401	3.0
1.321	361.738379938	3.0
1.3312	362.655500045	2.0
1.3414	363.568265492	3.0
1.3517	364.485581763	3.0
1.3619	365.389657639	4.0
1.3722	366.298241014	4.0
1.3824	367.193710042	0.0
1.3926	368.084927216	3.0
1.4029	368.980587779	6.0
1.4131	369.86332052	4.0
1.4234	370.750454351	5.0
1.4336	371.624783433	4.0
1.4438	372.494961037	3.0
1.4541	373.369477133	4.0
1.4643	374.231370603	2.0
1.4746	375.097561262	8.0
1.4848	375.951249464	5.0
1.495	376.800884194	6.0
1.5053	377.654754993	6.0
1.5155	378.496301159	3.0
1.5258	379.342043066	5.0
1.536	380.175577671	3.0
1.5462	381.005154497	6.0
1.5565	381.838867388	6.0
1.5667	382.660546601	3.0
1.577	383.486322505	10.0
1.5872	384.300179292	9.0
1.5974	385.110171733	10.0
1.6077	385.924202598	6.0
1.6179	386.726483872	9.0
1.6282	387.532765123	14.0
1.6384	388.327408639	6.0
1.6486	389.118279039	13.0
1.6589	389.913092524	11.0
1.6691	390.696433799	6.0
1.6794	391.48368062	14.0
1.6896	392.259564448	10.0
1.6998	393.031764232	14.0
1.7101	393.807814015	11.0
1.7203	394.57266242	15.0
1.7306	395.341324171	10.0
1.7408	396.098891182	13.0
1.751	396.852861121	18.0
1.7613	397.61059017	17.0
1.7715	398.357382279	15.0
1.7818	399.107897709	13.0
1.792	399.847580321	10.0
1.8022	400.58375078	18.0
1.8125	401.323591604	22.0
1.8227	402.052753684	20.0
1.833	402.785551187	15.0
1.8432	403.507771608	15.0
1.8534	404.226562791	20.0
1.8637	404.94893769	25.0
1.8739	405.660885945	13.0
1.8842	406.3763838	26.0
1.8944	407.081554273	13.0
1.9046	407.783376464	22.0
1.9149	408.488697767	20.0
1.9251	409.183838577	12.0
1.9354	409.882445187	24.0
1.9456	410.570968221	24.0
1.9558	411.256222019	16.0
1.9661	411.944892324	15.0
1.9763	412.623622472	19.0
1.9866	413.305736601	17.0
1.9968	413.978005204	22.0
2.007	414.64708175	24.0
2.0173	415.319494147	15.0
2.0275	415.982201051	21.0
2.0378	416.648212048	15.0
2.048	417.30460995	20.0
2.0582	417.957891151	13.0
2.0685	418.614429451	15.0
2.0787	419.261491383	13.0
2.089	419.911779407	13.0
2.0992	420.552681277	17.0
2.1094	421.190540025	18.0
2.1197	421.83157898	15.0
2.1299	422.463365281	8.0
2.1402	423.098301513	9.0
2.1504	423.724073177	10.0
2.1606	424.34687356	14.0
2.1709	424.972779073	22.0
2.1811	425.589650365	12.0
2.1914	426.209597227	17.0
2.2016	426.820595874	8.0
2.2118	427.428693385	12.0
2.2221	428.039822721	17.0
2.2323	428.642131114	7.0
2.2426	429.247442468	14.0
2.2528	429.844016856	8.0
2.263	430.437758596	13.0
2.2733	431.034460586	11.0
2.2835	431.622549875	12.0
2.2938	432.213571233	17.0
2.304	432.796061883	13.0
2.3142	433.375786759	14.0
2.3245	433.958402	11.0
2.3347	434.532607866	16.0
2.345	435.109676581	11.0
2.3552	435.678415979	15.0
2.3654	436.244454895	18.0
2.3757	436.813315942	21.0
2.3859	437.37396614	12.0
2.3962	437.937411602	11.0
2.4064	438.492724382	20.0
2.4166	439.045400433	18.0
2.4269	439.600831991	15.0
2.4371	440.148246538	19.0
2.4474	440.69839036	28.0
2.4576	441.240593495	14.0
2.4678	441.780222147	24.0
2.4781	442.322541254	14.0
2.4883	442.857032615	21.0
2.4986	443.394188818	16.0
2.5088	443.923591794	16.0
2.519	444.450481066	21.0
2.5293	444.979997278	10.0
2.5395	445.501870537	22.0
2.5498	446.026345729	14.0
2.56	446.54325073	16.0
2.5702	447.057701368	24.0
2.5805	447.574716931	13.0
2.5907	448.084269974	21.0
2.601	448.596363523	14.0
2.6112	449.101065597	21.0
2.6214	449.603371249	13.0
2.6317	450.108181275	23.0
2.6419	450.605704953	15.0
2.6522	451.105709162	19.0
2.6624	451.59849639	20.0
2.6726	452.088943772	24.0
2.6829	452.581836404	13.0
2.6931	453.067614702	14.0
2.7034	453.555814972	16.0
2.7136	454.036968638	21.0
2.7238	454.515837695	20.0
2.7341	454.997094276	17.0
2.7443	455.471404476	19.0
2.7546	455.94807947	22.0
2.7648	456.417874214	20.0
2.775	456.885438284	15.0
2.7853	457.355333514	16.0
2.7955	457.818446351	17.0
2.8058	458.283868155	16.0
2.816	458.742572135	15.0
2.8262	459.199098102	16.0
2.8365	459.657900196	15.0
2.8467	460.110080013	10.0
2.857	460.564514289	15.0
2.8672	461.012389332	15.0
2.8774	461.458137781	17.0
2.8877	461.906108622	12.0
2.8979	462.347613523	19.0
2.9082	462.791319659	18.0
2.9184	463.228621412	11.0
2.9286	463.663846775	18.0
2.9389	464.101242063	7.0
2.9491	464.532324059	20.0
2.9594	464.965555323	14.0
2.9696	465.392533396	11.0
2.9798	465.817484098	15.0
2.9901	466.244553499	17.0
3.0003	466.665458648	18.0
3.0106	467.088462328	16.0
3.0208	467.50536044	15.0
3.031	467.920279041	13.0
3.0413	468.337266324	15.0
3.0515	468.74823488	9.0
3.0618	469.161252424	18.0
3.072	469.568308539	16.0
3.0822	469.973431875	19.0
3.0925	470.380575056	15.0
3.1027	470.781841598	16.0
3.113	471.185108756	14.0
3.1232	471.582555221	16.0
3.1334	471.978114535	17.0
3.1437	472.375646011	12.0
3.1539	472.767439581	21.0
3.1642	473.161186537	11.0
3.1744	473.549250213	17.0
3.1846	473.93547129	15.0
3.1949	474.32361797	12.0
3.2051	474.706162203	16.0
3.2154	475.090613707	13.0
3.2256	475.4695161	20.0
3.2358	475.846619393	17.0
3.2461	476.225602831	13.0
3.2563	476.599116082	16.0
3.2666	476.974491579	17.0
3.2768	477.344448965	18.0
3.287	477.712649725	17.0
3.2973	478.082686243	27.0
3.3075	478.447381713	13.0
3.3178	478.813895465	10.0
3.328	479.175119017	12.0
3.3382	479.534627411	12.0
3.3485	479.895928225	15.0
3.3587	480.252014082	9.0
3.369	480.609875295	12.0
3.3792	480.962571196	9.0
3.3894	481.313592431	16.0
3.3997	481.666363772	10.0
3.4099	482.014043268	9.0
3.4202	482.363456208	9.0
3.4304	482.707825777	14.0
3.4406	483.050560216	16.0
3.4509	483.395003444	14.0
3.4611	483.734475033	10.0
3.4714	484.075639145	15.0
3.4816	484.411878948	15.0
3.4918	484.746522221	12.0
3.5021	485.082833944	11.0
3.5123	485.414291397	8.0
3.5226	485.747401415	11.0
3.5328	486.075703377	13.0
3.543	486.4024465	15.0
3.5533	486.730818683	7.0
3.5635	487.054451195	10.0
3.5738	487.379697259	14.0
3.584	487.700248773	8.0
3.5942	488.019278248	5.0
3.6045	488.339898326	7.0
3.6147	488.655890625	11.0
3.625	488.973458385	10.0
3.6352	489.286442421	7.0
3.6454	489.597940351	10.0
3.6557	489.910991333	11.0
3.6659	490.219523787	8.0
3.6762	490.529594509	11.0
3.6864	490.835189719	14.0
3.6966	491.139333905	16.0
3.7069	491.44499448	13.0
3.7171	491.746243199	12.0
3.7274	492.04899387	9.0
3.7376	492.347374686	6.0
3.7478	492.644338734	11.0
3.7581	492.942783372	8.0
3.7683	493.236920308	10.0
3.7786	493.532523738	14.0
3.7888	493.823860476	10.0
3.799	494.113813892	10.0
3.8093	494.405212944	13.0
3.8195	494.692405989	15.0
3.8298	494.981030909	19.0
3.84	495.265489862	15.0
3.8502	495.548598151	14.0
3.8605	495.833117948	15.0
3.8707	496.113531031	13.0
3.881	496.395342186	11.0
3.8912	496.673085724	10.0
3.9014	496.949510483	9.0
3.9117	497.227313427	11.0
3.9219	497.501106609	15.0
3.9322	497.776264856	6.0
3.9424	498.047451513	16.0
3.9526	498.317350525	12.0
3.9629	498.588595187	11.0
3.9731	498.855924747	12.0
3.9834	499.124587147	6.0
3.9936	499.389371716	11.0
4.0038	499.652899039	9.0
4.0141	499.917740243	11.0
4.0243	500.178758773	13.0
4.0346	500.441078676	14.0
4.0448	500.699612297	11.0
4.055	500.956918351	9.0
4.0653	501.215507269	13.0
4.0755	501.470363757	12.0
4.0858	501.726490896	8.0
4.096	501.978921138	11.0
4.1062	502.230152793	11.0
4.1165	502.482637027	6.0
4.1267	502.731476944	14.0
4.137	502.981557516	6.0
4.1472	503.228028465	7.0
4.1574	503.473329124	13.0
4.1677	503.719852792	15.0
4.1779	503.962818176	10.0
4.1882	504.206994926	10.0
4.1984	504.447647268	13.0
4.2086	504.687156947	15.0
4.2189	504.927860763	9.0
4.2291	505.165090298	10.0
4.2394	505.403502602	12.0
4.2496	505.638473701	12.0
4.2598	505.872329112	16.0
4.2701	506.107350469	7.0
4.2803	506.338979566	14.0
4.2906	506.571763508	6.0
4.3008	506.801187484	7.0
4.311	507.029522113	8.0
4.3213	507.258995161	7.0
4.3315	507.485156032	6.0
4.3418	507.712444486	5.0
4.352	507.936452294	9.0
4.3622	508.159396471	6.0
4.3725	508.383452194	11.0
4.3827	508.604273931	6.0
4.393	508.826196632	3.0
4.4032	509.044916136	11.0
4.4134	509.262597119	1.0
4.4237	509.481363405	8.0
4.4339	509.696972054	6.0
4.4442	509.913655675	8.0
4.4544	510.127211719	6.0
4.4646	510.339753758	6.0
4.4749	510.55335548	4.0
4.4851	510.76387411	7.0
4.4954	510.975442333	4.0
4.5056	511.183956814	9.0
4.5158	511.391481229	3.0
4.5261	511.600040311	4.0
4.5363	511.805589083	9.0
4.5466	512.012162672	4.0
4.5568	512.21575461	4.0
4.567	512.418379856	5.0
4.5773	512.622015341	5.0
4.5875	512.822711584	3.0
4.5978	513.024408449	1.0
4.608	513.223194054	7.0
4.6182	513.421035788	4.0
4.6285	513.619863912	4.0
4.6387	513.815822183	2.0
4.649	514.012757453	4.0
4.6592	514.206850191	5.0
4.6694	514.400021341	7.0
4.6797	514.594155594	2.0
4.6899	514.785487744	5.0
4.7002	514.97777383	2.0
4.7104	515.167284489	3.0
4.7206	515.355895316	5.0
4.7309	515.54544651	4.0
4.7411	515.732261753	1.0
4.7514	515.92000841	5.0
4.7616	516.105045162	2.0
4.7718	516.289203325	4.0
4.7821	516.474279655	2.0
4.7923	516.656684623	2.0
4.8026	516.839999018	5.0
4.8128	517.020667482	2.0
4.823	517.200478098	2.0
4.8333	517.381185205	1.0
4.8435	517.559284015	2.0
4.8538	517.738270782	0.0
4.864	517.914674083	2.0
4.8742	518.090239788	4.0
4.8845	518.26668082	2.0
4.8947	518.44057513	2.0
4.905	518.615336435	6.0
4.9152	518.787575263	3.0
4.9254	518.958996269	1.0
4.9357	519.131271937	2.0
4.9459	519.301061007	1.0
4.9562	519.471696603	1.0
4.9664	519.639869272	0.0
4.9766	519.807243425	2.0
4.9869	519.975452065	2.0
4.9971	520.141232809	0.0
5.0074	520.307840094	2.0
5.0176	520.472042597	0.0
5.0278	520.635465435	4.0
5.0381	520.799703059	1.0
5.0483	520.961570104	1.0
5.0586	521.124244178	0.0
5.0688	521.28457024	0.0
5.079	521.444135045	1.0
5.0893	521.6044954	1.0
5.0995	521.762541139	1.0
5.1098	521.921374856	1.0
5.12	522.077915992	1.0
5.1302	522.233713841	2.0
5.1405	522.390288461	0.0
5.1507	522.544603107	0.0
5.161	522.699687128	0.0
5.1712	522.852532691	4.0
5.1814	523.004652515	1.0
5.1917	523.157530771	0.0
5.2019	523.308202406	1.0
5.2122	523.459625254	2.0
5.2224	523.608862488	0.0
5.2326	523.757391116	2.0
5.2429	523.906660271	1.0
5.2531	524.053774898	0.0
5.2634	524.201623004	0.0
5.2736	524.347337093	1.0
5.2838	524.492359305	1.0
5.2941	524.638104561	3.0
5.3043	524.781746154	0.0
5.3146	524.926103909	1.0
5.3248	525.068378026	1.0
5.335	525.2099766	3.0
5.3453	525.352281149	0.0
5.3555	525.492531698	0.0
5.3658	525.633481501	0.0
5.376	525.772396857	1.0
5.3862	525.910652616	1.0
5.3965	526.049597686	1.0
5.4067	526.186537244	0.0
5.417	526.324159549	0.0
5.4272	526.459795436	1.0
5.4374	526.594787298	0.0
5.4477	526.730452196	3.0
5.4579	526.86415893	0.0
5.4682	526.998532291	1.0
5.4784	527.13096613	0.0
5.4886	527.262771147	1.0
5.4989	527.395233312	1.0
5.5091	527.52578354	1.0
5.5194	527.656984658	1.0
5.5296	527.786292041	1.0
5.5398	527.914985448	0.0
5.5501	528.044320489	1.0
5.5603	528.171788728	2.0
5.5706	528.299892493	0.0
5.5808	528.426147228	1.0
5.591	528.551802483	0.0
5.6013	528.678084223	0.0
5.6115	528.802543233	0.0
5.6218	528.927622765	1.0
5.632	529.050896919	1.0
5.6422	529.173585745	0.0
5.6525	529.296886266	1.0
5.6627	529.418407088	0.0
5.673	529.540533782	1.0
5.6832	529.66089772	1.0
5.6934	529.780690147	3.0
5.7037	529.901079829	1.0
5.7139	530.019731826	0.0
5.7242	530.138975393	0.0
5.7344	530.256497817	2.0
5.7446	530.373462223	0.0
5.7549	530.491009784	1.0
5.7651	530.606860683	1.0
5.7754	530.723289186	0.0
5.7856	530.838037178	1.0
5.7958	530.952240325	0.0
5.8061	531.067012862	0.0
5.8163	531.18012879	2.0
5.8266	531.293808686	1.0
5.8368	531.405847744	0.0
5.847	531.51735482	1.0
5.8573	531.629417843	0.0
5.8675	531.739863367	0.0
5.8778	531.850859544	1.0
5.888	531.96025362	1.0
5.8982	532.069128273	1.0
5.9085	532.178545748	0.0
5.9187	532.286383909	0.0
5.929	532.394759724	0.0
5.9392	532.501571261	0.0
5.9494	532.607875635	1.0
5.9597	532.714710018	0.0
5.9699	532.82000237	1.0
5.9802	532.925819684	2.0
5.9904	533.030109647	1.0
6.0006	533.133904423	1.0
6.0109	533.238216693	1.0
6.0211	533.341023337	2.0
6.0314	533.44434255	1.0
6.0416	533.546170469	0.0
6.0518	533.647514891	1.0
6.0621	533.749364591	0.0
6.0723	533.849744208	0.0
6.0826	533.950624294	0.0
6.0928	534.050048293	2.0
6.103	534.149000207	0.0
6.1133	534.248445472	1.0
6.1235	534.34645536	0.0
6.1338	534.444953901	4.0
6.144	534.54203073	1.0
6.1542	534.63864662	3.0
6.1645	534.735744212	0.0
6.1747	534.831440314	1.0
6.185	534.927613533	1.0
6.1952	535.022398603	0.0
6.2054	535.116733616	1.0
6.2157	535.21153896	0.0
6.2259	535.304975899	0.0
6.2362	535.398878692	1.0
6.2464	535.491426106	1.0
6.2566	535.583534088	0.0
6.2669	535.676101298	1.0
6.2771	535.767332408	2.0
6.2874	535.859018373	0.0
6.2976	535.949380958	0.0
6.3078	536.039314484	0.0
6.3181	536.129696397	0.0
6.3283	536.218773752	1.0
6.3386	536.308295224	1.0
6.3488	536.396524558	0.0
6.359	536.484334963	2.0
6.3693	536.572583168	4.0
6.3795	536.659557614	0.0
6.3898	536.746965692	1.0
6.4	536.833112136	0.0
6.4102	536.918849541	0.0
6.4205	537.005014411	0.0
6.4307	537.089935591	1.0
6.441	537.175280168	1.0
6.4512	537.259392894	0.0
6.4614	537.343106238	5.0
6.4717	537.427236955	0.0
6.4819	537.510153343	3.0
6.4922	537.593483132	1.0
6.5024	537.675610153	1.0
6.5126	537.757347218	2.0
6.5229	537.839491805	2.0
6.5331	537.92045073	0.0
6.5434	538.001813296	0.0
6.5536	538.082001488	0.0
6.5638	538.161808931	1.0
6.5741	538.242014274	1.0
6.5843	538.321061947	0.0
6.5946	538.400503731	1.0
6.6048	538.478798866	0.0
6.615	538.556722241	0.0
6.6253	538.635034122	0.0
6.6355	538.712215663	0.0
6.6458	538.789782011	1.0
6.656	538.866228779	2.0
6.6662	538.942312564	0.0
6.6765	539.018775684	1.0
6.6867	539.094135147	1.0
6.697	539.169870334	0.0
6.7072	539.244512371	1.0
6.7174	539.318799994	0.0
6.7277	539.393457997	0.0
6.7379	539.467038398	0.0
6.7482	539.540985653	1.0
6.7584	539.613865565	1.0
6.7686	539.68639943	0.0
6.7789	539.759294931	1.0
6.7891	539.831138269	1.0
6.7994	539.903339801	2.0
6.8096	539.974499188	0.0
6.8198	540.045320696	0.0
6.8301	540.116495303	0.0
6.8403	540.186642587	2.0
6.8506	540.257139609	0.0
6.8608	540.326619087	0.0
6.871	540.395768664	1.0
6.8813	540.465263004	0.0
6.8915	540.533754273	1.0
6.9018	540.602587024	0.0
6.912	540.670426253	1.0
6.9222	540.737943369	0.0
6.9325	540.805797108	2.0
6.9427	540.872671458	2.0
6.953	540.939879227	1.0
6.9632	541.006116929	0.0
6.9734	541.072040123	1.0
6.9837	541.138291993	0.0
6.9939	541.203587594	0.0
7.0042	541.269208743	0.0
7.0144	541.333882727	1.0
7.0246	541.398249627	0.0
7.0349	541.462937445	1.0
7.0451	541.526691568	1.0
7.0554	541.590763555	1.0
7.0656	541.653910736	0.0
7.0758	541.716758083	2.0
7.0861	541.779918771	0.0
7.0963	541.842167808	0.0
7.1066	541.904727203	0.0
7.1168	541.966383626	1.0
7.127	542.027747292	0.0
7.1373	542.089416903	0.0
7.1475	542.150196385	1.0
7.1578	542.211278898	0.0
7.168	542.271479756	1.0
7.1782	542.331394769	1.0
7.1885	542.391608503	3.0
7.1987	542.450953122	0.0
7.209	542.510593619	0.0
7.2192	542.569373274	0.0
7.2294	542.627873833	0.0
7.2397	542.68666606	1.0
7.2499	542.744609691	1.0
7.2602	542.802842214	0.0
7.2704	542.860234218	1.0
7.2806	542.917353714	0.0
7.2909	542.974757994	1.0
7.3011	543.031333709	2.0
7.3114	543.088191497	0.0
7.3216	543.14422861	1.0
7.3318	543.199999647	2.0
7.3421	543.256048745	0.0
7.3523	543.311288839	1.0
7.3626	543.366804347	0.0
7.3728	543.421518553	0.0
7.383	543.475972965	1.0
7.3933	543.530698874	1.0
7.4035	543.584634878	0.0
7.4138	543.638839793	0.0
7.424	543.692262324	1.0
7.4342	543.745431194	1.0
7.4445	543.798865151	1.0
7.4547	543.851527851	0.0
7.465	543.904453114	2.0
7.4752	543.956614463	1.0
7.4854	544.008528139	1.0
7.4957	544.060700644	1.0
7.5059	544.1121201	1.0
7.5162	544.163795921	0.0
7.5264	544.214725861	0.0
7.5366	544.265413976	3.0
7.5469	544.31635481	1.0
7.5571	544.366560371	0.0
7.5674	544.417016246	1.0
7.5776	544.466743848	1.0
7.5878	544.516235334	1.0
7.5981	544.565973573	1.0
7.6083	544.614993898	0.0
7.6186	544.664258626	0.0
7.6288	544.712812275	1.0
7.639	544.761135382	1.0
7.6493	544.809699417	2.0
7.6595	544.857562486	2.0
7.6698	544.905664188	0.0
7.68	544.953071598	1.0
7.6902	545.000253909	0.0
7.7005	545.047671459	0.0
7.7107	545.094404592	0.0
7.721	545.141370725	0.0
7.7312	545.187658956	1.0
7.7414	545.233727402	1.0
7.7517	545.280025533	0.0
7.7619	545.325655405	1.0
7.7722	545.371512777	0.0
7.7824	545.41670825	0.0
7.7926	545.461689127	1.0
7.8029	545.506894267	0.0
7.8131	545.551446924	1.0
7.8234	545.596221709	1.0
7.8336	545.640350222	0.0
7.8438	545.684269205	1.0
7.8541	545.728407157	0.0
7.8643	545.771908029	2.0
7.8746	545.815625785	0.0
7.8848	545.858712526	0.0
7.895	545.901594684	0.0
7.9053	545.944690641	0.0
7.9155	545.987164558	0.0
7.9258	546.02985024	1.0
7.936	546.071919803	2.0
7.9462	546.113789612	0.0
7.9565	546.155868174	1.0
7.9667	546.197339381	0.0
7.977	546.239017352	0.0
7.9872	546.280093751	1.0
7.9974	546.320975111	1.0
8.0077	546.362060296	1.0
8.0179	546.402552463	0.0
8.0282	546.443246515	0.0
8.0384	546.483353195	1.0
8.0486	546.523269441	1.0
8.0589	546.5633847	0.0
8.0691	546.602920941	1.0
8.0794	546.642654301	1.0
8.0896	546.681814155	0.0
8.0998	546.720788071	2.0
8.1101	546.759956302	1.0
8.1203	546.798559184	0.0
8.1306	546.837354531	0.0
8.1408	546.875589913	0.0
8.151	546.913643745	0.0
8.1613	546.951887305	0.0
8.1715	546.989578863	1.0
8.1818	547.027458341	2.0
8.192	547.064791074	0.0
8.2022	547.101946544	1.0
8.2125	547.139287262	0.0
8.2227	547.176089009	2.0
8.233	547.213074242	1.0
8.2432	547.249525635	0.0
8.2534	547.28580395	0.0
8.2637	547.322263141	0.0
8.2739	547.358196085	0.0
8.2842	547.394308181	0.0
8.2944	547.429899042	1.0
8.3046	547.46532091	0.0
8.3149	547.500919384	0.0
8.3251	547.536004034	0.0
8.3354	547.571263608	0.0
8.3456	547.606014251	1.0
8.3558	547.640599891	1.0
8.3661	547.675357967	0.0
8.3763	547.709614351	0.0
8.3866	547.744041528	0.0
8.3968	547.777971789	0.0
8.407	547.811740943	0.0
8.4173	547.845678461	1.0
8.4275	547.879126131	3.0
8.4378	547.912740562	0.0
8.448	547.945869808	0.0
8.4582	547.978841751	0.0
8.4685	548.011978083	0.0
8.4787	548.044636131	1.0
8.489	548.077457003	0.0
8.4992	548.109804145	0.0
8.5094	548.141997696	1.0
8.5197	548.174351757	0.0
8.5299	548.206238824	2.0
8.5402	548.238284872	2.0
8.5504	548.269868372	1.0
8.5606	548.301301909	0.0
8.5709	548.332892165	1.0
8.5811	548.364026452	1.0
8.5914	548.395315967	0.0
8.6016	548.426153855	1.0
8.6118	548.456845318	0.0
8.6221	548.487689802	1.0
8.6323	548.518089081	1.0
8.6426	548.548639923	0.0
8.6528	548.5787498	1.0
8.663	548.608716709	0.0
8.6733	548.638833026	1.0
8.6835	548.668514648	0.0
8.6938	548.698344256	0.0
8.704	548.727743308	0.0
8.7142	548.757002768	0.0
8.7245	548.786408109	1.0
8.7347	548.815389017	0.0
8.745	548.844514417	1.0
8.7552	548.873219426	0.0
8.7654	548.901788138	2.0
8.7757	548.930499287	0.0
8.7859	548.958796023	2.0
8.7962	548.98723384	0.0
8.8064	549.01526119	0.0
8.8166	549.043155461	0.0
8.8269	549.071188806	1.0
8.8371	549.098817522	0.0
8.8474	549.126583989	2.0
8.8576	549.153949678	1.0
8.8678	549.18118543	0.0
8.8781	549.208556973	0.0
8.8883	549.235533439	2.0
8.8986	549.262644403	1.0
8.9088	549.289364052	1.0
8.919	549.315956831	0.0
8.9293	549.342682196	1.0
8.9395	549.36902181	0.0
8.9498	549.395492747	0.0
8.96	549.421581608	0.0
8.9702	549.447546593	0.0
8.9805	549.473641033	1.0
8.9907	549.499358831	0.0
9.001	549.52520485	1.0
9.0112	549.550677813	0.0
9.0214	549.576029825	3.0
9.0317	549.601508236	0.0
9.0419	549.626618896	0.0
9.0522	549.651854752	2.0
9.0624	549.676726357	0.0
9.0726	549.701479867	0.0
9.0829	549.726356792	0.0
9.0931	549.750874647	0.0
9.1034	549.775514743	1.0
9.1136	549.799799187	0.0
9.1238	549.823968324	0.0
9.1341	549.848257963	0.0
9.1443	549.872197008	1.0
9.1546	549.896255408	0.0
9.1648	549.919966553	0.0
9.175	549.943565113	1.0
9.1853	549.967281329	0.0
9.1955	549.99065523	0.0
9.2058	550.014145667	1.0
9.216	550.037297047	1.0
9.2262	550.060338499	2.0
9.2365	550.083494831	0.0
9.2467	550.106316928	0.0
9.257	550.12925281	1.0
9.2672	550.151857639	1.0
9.2774	550.174355137	1.0
9.2877	550.196964801	0.0
9.2979	550.219248121	0.0
9.3082	550.241642541	1.0
9.3184	550.263713722	1.0
9.3286	550.285680106	0.0
9.3389	550.307756009	3.0
9.3491	550.329513271	0.0
9.3594	550.35137901	0.0
9.3696	550.372929143	0.0
9.3798	550.394376951	1.0
9.3901	550.415931693	1.0
9.4003	550.437175317	0.0
9.4106	550.458524857	0.0
9.4208	550.479566241	3.0
9.431	550.500507716	0.0
9.4413	550.521553601	0.0
9.4515	550.542295712	1.0
9.4618	550.563141239	2.0
9.472	550.583685884	0.0
9.4822	550.60413298	0.0
9.4925	550.62468202	1.0
9.5027	550.644934458	0.0
9.513	550.66528787	0.0
9.5232	550.685347504	2.0
9.5334	550.705311892	3.0
9.5437	550.725375816	1.0
9.5539	550.745150142	0.0
9.5642	550.765023057	0.0
9.5744	550.78460913	0.0
9.5846	550.804102204	1.0
9.5949	550.823692466	0.0
9.6051	550.842999966	0.0
9.6154	550.862403727	1.0
9.6256	550.881527418	1.0
9.6358	550.900560307	0.0
9.6461	550.919688088	0.0
9.6563	550.938539782	0.0
9.6666	550.957485466	0.0
9.6768	550.976157691	0.0
9.687	550.994741257	1.0
9.6973	551.013417476	0.0
9.7075	551.031824125	0.0
9.7178	551.050322546	0.0
9.728	551.068553963	0.0
9.7382	551.086698814	0.0
9.7485	551.10493413	0.0
9.7587	551.122906242	0.0
9.769	551.140967957	2.0
9.7792	551.158768973	1.0
9.7894	551.176485466	1.0
9.7997	551.194290289	0.0
9.8099	551.21183812	0.0
9.8202	551.229473441	0.0
9.8304	551.246854216	1.0
9.8406	551.264152464	0.0
9.8509	551.281536956	0.0
9.8611	551.298670524	0.0
9.8714	551.315889515	0.0
9.8816	551.332859971	0.0
9.8918	551.349749847	0.0
9.9021	551.366723932	1.0
9.9123	551.383453016	0.0
9.9226	551.400265507	1.0
9.9328	551.416835329	0.0
9.943	551.433326475	1.0
9.9533	551.449899841	0.0
9.9635	551.46623399	1.0
9.9738	551.482649577	1.0
9.984	551.498828224	0.0
9.9942	551.514930052	1.0
10.0045	551.53111216	1.0
10.0147	551.547060698	1.0
10.025	551.563088751	1.0
10.0352	551.578885458	0.0
10.0454	551.594607159	0.0
10.0557	551.610407244	1.0
10.0659	551.625979274	1.0
10.0762	551.641628942	0.0
10.0864	551.657052725	2.0
10.0966	551.672403273	0.0
10.1069	551.687830356	1.0
10.1171	551.703034766	2.0
10.1274	551.718314982	2.0
10.1376	551.733374645	0.0
10.1478	551.748362803	0.0
10.1581	551.763425687	3.0
10.1683	551.778271157	2.0
10.1786	551.793190642	0.0
10.1888	551.807894782	1.0
10.199	551.822529103	0.0
10.2093	551.837236388	0.0
10.2195	551.851731391	0.0
10.2298	551.866298661	0.0
10.24	551.880655671	0.0
10.2502	551.89494451	3.0
10.2605	551.90930459	0.0
10.2707	551.923457399	1.0
10.281	551.93768077	1.0
10.2912	551.951698844	0.0
10.3014	551.965650357	2.0
10.3117	551.979671429	0.0
10.3219	551.993490123	1.0
10.3322	552.007377713	0.0
10.3424	552.021064853	0.0
10.3526	552.034687003	0.0
10.3629	552.04837707	0.0
10.3731	552.061869536	1.0
10.3834	552.075429273	0.0
10.3936	552.088793291	1.0
10.4038	552.102093854	1.0
10.4141	552.11546073	1.0
10.4243	552.128634671	0.0
10.4346	552.141874294	0.0
10.4448	552.154922818	0.0
10.455	552.167909385	2.0
10.4653	552.180960701	0.0
10.4755	552.193823635	0.0
10.4858	552.206750701	1.0
10.496	552.21949118	0.0
10.5062	552.232171165	0.0
10.5165	552.244914369	2.0
10.5267	552.25747364	1.0
10.537	552.270095528	1.0
10.5472	552.282535233	0.0
10.5574	552.294915873	0.0
10.5677	552.30735824	0.0
10.5779	552.319621015	0.0
10.5882	552.331944929	1.0
10.5984	552.344090963	0.0
10.6086	552.356179324	2.0
10.6189	552.368327955	0.0
10.6291	552.380301235	0.0
10.6394	552.392334211	0.0
10.6496	552.404193504	0.0
10.6598	552.415996487	1.0
10.6701	552.427858318	0.0
10.6803	552.439548936	0.0
10.6906	552.451297841	0.0
10.7008	552.462877164	1.0
10.711	552.474401506	0.0
10.7213	552.485983306	1.0
10.7315	552.497397936	0.0
10.7418	552.508869477	0.0
10.752	552.520175439	0.0
10.7622	552.531427718	0.0
10.7725	552.542736098	1.0
10.7827	552.553881256	3.0
10.793	552.56508198	0.0
10.8032	552.576121034	0.0
10.8134	552.587107673	1.0
10.8237	552.598149089	1.0
10.8339	552.609031135	1.0
10.8442	552.619967436	1.0
10.8544	552.630745884	0.0
10.8646	552.641473154	0.0
10.8749	552.652253908	0.0
10.8851	552.662879054	1.0
10.8954	552.673557174	0.0
10.9056	552.684081168	1.0
10.9158	552.694555192	0.0
10.9261	552.705081437	1.0
10.9363	552.715455748	0.0
10.9466	552.725881783	0.0
10.9568	552.73615733	1.0
10.967	552.746384086	0.0
10.9773	552.756661831	0.0
10.9875	552.766791229	0.0
10.9978	552.776971129	1.0
11.008	552.787004094	0.0
11.0182	552.796989421	1.0
11.0285	552.807024532	0.0
11.0387	552.816914798	0.0
11.049	552.826854374	0.0
11.0592	552.836650484	1.0
11.0694	552.84640008	0.0
11.0797	552.856198286	0.0
11.0899	552.865855065	1.0
11.1002	552.875559991	0.0
11.1104	552.885124838	0.0
11.1206	552.894644269	1.0
11.1309	552.904211162	0.0
11.1411	552.913639967	1.0
11.1514	552.923115782	0.0
11.1616	552.932454825	1.0
11.1718	552.941749524	0.0
11.1821	552.951090565	0.0
11.1923	552.960296778	1.0
11.2026	552.969548891	0.0
11.2128	552.978667461	0.0
11.223	552.987742734	0.0
11.2333	552.996863254	0.0
11.2435	553.00585213	0.0
11.2538	553.014885822	1.0
11.264	553.023789124	0.0
11.2742	553.032650151	2.0
11.2845	553.041555356	0.0
11.2947	553.050332026	1.0
11.305	553.059152454	1.0
11.3152	553.067845569	2.0
11.3254	553.076497407	2.0
11.3357	553.085192382	0.0
11.3459	553.093761855	0.0
11.3562	553.102374053	0.0
11.3664	553.110861944	0.0
11.3766	553.119309532	0.0
11.3869	553.127799239	0.0
11.3971	553.136166406	2.0
11.4074	553.14457529	1.0
11.4176	553.152862801	1.0
11.4278	553.161110962	0.0
11.4381	553.169400246	0.0
11.4483	553.177569884	0.0
11.4586	553.185780254	1.0
11.4688	553.193872116	2.0
11.479	553.201925557	1.0
11.4893	553.210019151	2.0
11.4995	553.217995922	0.0
11.5098	553.226012464	2.0
11.52	553.233913297	0.0
11.5302	553.241776614	1.0
11.5405	553.249679137	0.0
11.5507	553.257467595	0.0
11.561	553.265294885	1.0
11.5712	553.273009198	0.0
11.5814	553.280686881	1.0
11.5917	553.288402843	1.0
11.6019	553.296007434	0.0
11.6122	553.30364994	0.0
11.6224	553.311182135	0.0
11.6326	553.318678566	2.0
11.6429	553.326212372	0.0
11.6531	553.333637437	0.0
11.6634	553.341099521	0.0
11.6736	553.348453898	0.0
11.6838	553.355773355	0.0
11.6941	553.363129306	0.0
11.7043	553.370379082	0.0
11.7146	553.377665003	0.0
11.7248	553.384845761	0.0
11.735	553.391992423	3.0
11.7453	553.399174717	0.0
11.7555	553.406253342	0.0
11.7658	553.41336726	0.0
11.776	553.420378497	0.0
11.7862	553.427356443	1.0
11.7965	553.434369179	0.0
11.8067	553.441280695	0.0
11.817	553.448226669	0.0
11.8272	553.455072387	1.0
11.8374	553.4618856	1.0
11.8477	553.468732782	0.0
11.8579	553.475481133	0.0
11.8682	553.482263129	0.0
11.8784	553.488947235	3.0
11.8886	553.495599604	0.0
11.8989	553.50228514	1.0
11.9091	553.508874177	0.0
11.9194	553.515496067	2.0
11.9296	553.522022377	1.0
11.9398	553.528517698	0.0
11.9501	553.535045404	0.0
11.9603	553.54147889	0.0
11.9706	553.547944452	0.0
11.9808	553.554316691	0.0
11.991	553.560658673	0.0
12.0013	553.567032275	0.0
12.0115	553.573313881	0.0
12.0218	553.579626806	0.0
12.032	553.585848611	1.0
12.0422	553.592040874	0.0
12.0525	553.59826401	0.0
12.0627	553.604397322	1.0
12.073	553.610561213	2.0
12.0832	553.616636136	1.0
12.0934	553.622682214	0.0
12.1037	553.628758436	1.0
12.1139	553.634746955	0.0
12.1242	553.640765331	1.0
[END DATA]
