TL-DOS Lehrstuhlversuch
detector=R1408202
job_number=2015-10-22-007
irradiation_dose [mSv]=5.0

[BEGIN DATA]
time [sec] 	 temperature [K] 	 photoncount 
0.0	156.433005231	0.0
0.0102	157.923457682	1.0
0.0205	159.422849415	1.0
0.0307	160.902087169	1.0
0.041	162.390196942	1.0
0.0512	163.858304383	3.0
0.0614	165.320905055	0.0
0.0717	166.792277962	2.0
0.0819	168.243873504	2.0
0.0922	169.704175276	2.0
0.1024	171.144848494	0.0
0.1126	172.580117847	1.0
0.1229	174.023995511	2.0
0.1331	175.448465385	1.0
0.1434	176.881478798	3.0
0.1536	178.295230451	1.0
0.1638	179.703679221	1.0
0.1741	181.120575439	0.0
0.1843	182.518426537	0.0
0.1946	183.924661522	1.0
0.2048	185.311994689	1.0
0.215	186.694124065	2.0
0.2253	188.084543035	0.0
0.2355	189.456272777	1.0
0.2458	190.836229737	0.0
0.256	192.197638094	1.0
0.2662	193.553939903	0.0
0.2765	194.918376399	0.0
0.2867	196.264472908	0.0
0.297	197.618642897	1.0
0.3072	198.954610895	0.0
0.3174	200.28556777	0.0
0.3277	201.624507321	0.0
0.3379	202.945449602	0.0
0.3482	204.274314494	0.0
0.3584	205.585317532	1.0
0.3686	206.891403089	0.0
0.3789	208.205322153	0.0
0.3891	209.501580256	0.0
0.3994	210.805612922	0.0
0.4096	212.092117516	0.0
0.4198	213.373796521	0.0
0.4301	214.663162648	0.0
0.4403	215.935197842	1.0
0.4506	217.214862318	0.0
0.4608	218.477326264	0.0
0.471	219.735054797	0.0
0.4813	221.000326804	1.0
0.4915	222.248591738	1.0
0.5018	223.504343386	0.0
0.512	224.743215928	0.0
0.5222	225.977441546	2.0
0.5325	227.219069675	0.0
0.5427	228.444008538	0.0
0.553	229.676294213	0.0
0.5632	230.892016198	0.0
0.5734	232.103178095	0.0
0.5837	233.321604174	0.0
0.5939	234.523652856	0.0
0.6042	235.732911062	0.0
0.6144	236.9259151	1.0
0.6246	238.114444264	0.0
0.6349	239.310101865	0.0
0.6451	240.48968811	1.0
0.6554	241.676349156	0.0
0.6656	242.847059773	0.0
0.6758	244.013379135	0.0
0.6861	245.186693728	0.0
0.6963	246.344237288	0.0
0.7066	247.508723442	0.0
0.7168	248.65755723	0.0
0.727	249.802081822	0.0
0.7373	250.953470927	1.0
0.7475	252.089383707	0.0
0.7578	253.232109348	0.0
0.768	254.359475115	0.0
0.7782	255.482612211	0.0
0.7885	256.612485543	0.0
0.7987	257.727171755	0.0
0.809	258.848543516	1.0
0.8192	259.95484243	1.0
0.8294	261.056991694	0.0
0.8397	262.165751316	1.0
0.8499	263.259607615	0.0
0.8602	264.360024533	0.0
0.8704	265.445650266	2.0
0.8806	266.527203893	1.0
0.8909	267.615244351	0.0
0.9011	268.688659982	0.0
0.9114	269.768513635	0.0
0.9216	270.833852503	0.0
0.9318	271.895195359	0.0
0.9421	272.962903829	0.0
0.9523	274.016260762	0.0
0.9626	275.075935412	0.0
0.9728	276.121366511	0.0
0.983	277.162876272	1.0
0.9933	278.210632692	1.0
1.0035	279.244305761	0.0
1.0138	280.284178488	1.0
1.024	281.310073831	0.0
1.0342	282.332121112	1.0
1.0445	283.360298323	1.0
1.0547	284.374655356	0.0
1.065	285.395096194	2.0
1.0752	286.401820842	2.0
1.0854	287.404769336	3.0
1.0957	288.413733211	0.0
1.1059	289.409135161	3.0
1.1162	290.410507231	0.0
1.1264	291.398419422	1.0
1.1366	292.382626023	2.0
1.1469	293.372735598	1.0
1.1571	294.349536676	0.0
1.1674	295.332196312	1.0
1.1776	296.301647591	1.0
1.1878	297.267462525	4.0
1.1981	298.239070125	2.0
1.2083	299.197617923	1.0
1.2186	300.1619148	2.0
1.2288	301.113250141	1.0
1.239	302.061017091	1.0
1.2493	303.014468459	2.0
1.2595	303.95510407	2.0
1.2698	304.90138133	2.0
1.28	305.834939263	3.0
1.2902	306.764995486	0.0
1.3005	307.700629904	4.0
1.3107	308.623688051	1.0
1.321	309.552282422	0.0
1.3312	310.46839515	3.0
1.3414	311.381071603	1.0
1.3517	312.299222013	0.0
1.3619	313.205031162	2.0
1.3722	314.11627308	2.0
1.3824	315.015266597	3.0
1.3926	315.910888053	1.0
1.4029	316.811881175	3.0
1.4131	317.700763654	4.0
1.4234	318.594977382	5.0
1.4336	319.477171592	8.0
1.4438	320.356056753	5.0
1.4541	321.240213202	10.0
1.4643	322.112485317	6.0
1.4746	322.989989056	4.0
1.4848	323.855697884	6.0
1.495	324.718159499	3.0
1.5053	325.585793897	12.0
1.5155	326.441766042	7.0
1.5258	327.302872049	5.0
1.536	328.152403554	9.0
1.5462	328.998748526	7.0
1.5565	329.850169618	11.0
1.5667	330.690146388	14.0
1.577	331.535161084	6.0
1.5872	332.368817568	5.0
1.5974	333.199347065	10.0
1.6077	334.034857826	8.0
1.6179	334.859138122	18.0
1.6282	335.688362202	16.0
1.6384	336.506440319	11.0
1.6486	337.321449882	20.0
1.6589	338.141347625	26.0
1.6691	338.950224764	18.0
1.6794	339.763953304	25.0
1.6896	340.566744163	14.0
1.6998	341.366523809	21.0
1.7101	342.171100292	20.0
1.7203	342.96486211	24.0
1.7306	343.763384672	26.0
1.7408	344.551173943	30.0
1.751	345.336008271	35.0
1.7613	346.125549798	23.0
1.7715	346.904478752	23.0
1.7818	347.688079487	25.0
1.792	348.461147501	34.0
1.8022	349.231315792	30.0
1.8125	350.006103318	29.0
1.8227	350.770476587	33.0
1.833	351.539434335	36.0
1.8432	352.298056187	35.0
1.8534	353.0538325	44.0
1.8637	353.814141731	61.0
1.8739	354.564231314	53.0
1.8842	355.318819707	64.0
1.8944	356.063265347	54.0
1.9046	356.804918624	60.0
1.9149	357.551020113	57.0
1.9251	358.287092925	65.0
1.9354	359.02758048	63.0
1.9456	359.758114818	70.0
1.9558	360.485908972	72.0
1.9661	361.218068215	77.0
1.9763	361.940386186	102.0
1.9866	362.667036402	87.0
1.9968	363.383919394	85.0
2.007	364.098113409	102.0
2.0173	364.816590943	94.0
2.0275	365.525411106	112.0
2.0378	366.238482558	96.0
2.048	366.941969306	123.0
2.0582	367.642817323	127.0
2.0685	368.347868815	131.0
2.0787	369.043443401	144.0
2.089	369.743189834	146.0
2.0992	370.433530669	157.0
2.1094	371.121282083	174.0
2.1197	371.813158422	158.0
2.1299	372.49573495	187.0
2.1402	373.182405364	179.0
2.1504	373.859845941	198.0
2.1606	374.534745486	209.0
2.1709	375.213692875	230.0
2.1811	375.883514234	230.0
2.1914	376.55735298	269.0
2.2016	377.222134364	254.0
2.2118	377.8844222	304.0
2.2221	378.550682238	292.0
2.2323	379.207986783	319.0
2.2426	379.869233642	304.0
2.2528	380.521592393	312.0
2.263	381.171504193	347.0
2.2733	381.825313966	383.0
2.2835	382.470335596	379.0
2.2938	383.119225871	399.0
2.304	383.759394128	410.0
2.3142	384.397161159	384.0
2.3245	385.038753323	458.0
2.3347	385.671721567	456.0
2.345	386.308486162	500.0
2.3552	386.936691727	508.0
2.3654	387.562540936	526.0
2.3757	388.192143799	536.0
2.3859	388.813283895	594.0
2.3962	389.438149401	558.0
2.4064	390.054615817	557.0
2.4166	390.668769911	612.0
2.4269	391.286607514	651.0
2.4371	391.896140493	640.0
2.4474	392.509329266	675.0
2.4576	393.114275901	675.0
2.4678	393.716953423	724.0
2.4781	394.323245622	760.0
2.4883	394.921388383	738.0
2.4986	395.523118623	788.0
2.5088	396.116760744	755.0
2.519	396.708176155	802.0
2.5293	397.303138697	742.0
2.5395	397.890104087	851.0
2.5498	398.480589917	849.0
2.56	399.06313877	840.0
2.5702	399.643502523	928.0
2.5805	400.227347121	908.0
2.5907	400.803344009	855.0
2.601	401.382795553	949.0
2.6112	401.954458435	903.0
2.6214	402.523977049	923.0
2.6317	403.096911463	905.0
2.6419	403.662144816	957.0
2.6522	404.230768267	927.0
2.6624	404.791748602	901.0
2.6726	405.350624739	874.0
2.6829	405.912852846	901.0
2.6931	406.467523799	813.0
2.7034	407.0255215	875.0
2.7136	407.576018911	830.0
2.7238	408.124451444	860.0
2.7341	408.67617331	836.0
2.7443	409.220479241	812.0
2.7546	409.768049754	773.0
2.7648	410.308260132	796.0
2.775	410.84644422	831.0
2.7853	411.387856172	768.0
2.7955	411.92199077	739.0
2.8058	412.459328945	797.0
2.816	412.989444523	775.0
2.8262	413.517571675	631.0
2.8365	414.048866373	688.0
2.8467	414.573019707	654.0
2.857	415.100316754	576.0
2.8672	415.620526171	594.0
2.8774	416.138784319	578.0
2.8877	416.660150823	543.0
2.8979	417.174509411	547.0
2.9082	417.691952967	512.0
2.9184	418.202441337	491.0
2.9286	418.711014902	536.0
2.9389	419.222638736	526.0
2.9491	419.727385611	465.0
2.9594	420.235159805	449.0
2.9696	420.736108785	480.0
2.9798	421.235178739	443.0
2.9901	421.737241964	441.0
3.0003	422.232556738	511.0
3.0106	422.73084226	400.0
3.0208	423.222430109	455.0
3.031	423.712174046	445.0
3.0413	424.204855318	486.0
3.0515	424.690914247	461.0
3.0618	425.179888409	438.0
3.072	425.662290057	482.0
3.0822	426.142882249	452.0
3.0925	426.626356888	449.0
3.1027	427.103332933	473.0
3.113	427.583169736	486.0
3.1232	428.056556843	501.0
3.1334	428.528168307	511.0
3.1437	429.002608355	550.0
3.1539	429.470671247	571.0
3.1642	429.941541438	508.0
3.1744	430.406082457	520.0
3.1846	430.868881015	562.0
3.1949	431.334455299	595.0
3.2051	431.793771595	559.0
3.2154	432.255842732	623.0
3.2256	432.711702968	611.0
3.2358	433.165853305	617.0
3.2461	433.622727498	642.0
3.2563	434.073460645	662.0
3.2666	434.526897153	664.0
3.2768	434.974238823	656.0
3.287	435.419902545	667.0
3.2973	435.868239224	696.0
3.3075	436.310549613	720.0
3.3178	436.755512846	699.0
3.328	437.194495134	735.0
3.3382	437.63183083	733.0
3.3485	438.071789533	803.0
3.3587	438.505834559	801.0
3.369	438.942482856	789.0
3.3792	439.373261972	748.0
3.3894	439.802425265	793.0
3.3997	440.23416255	809.0
3.4099	440.660096666	814.0
3.4202	441.088585406	846.0
3.4304	441.511314641	842.0
3.4406	441.932458248	851.0
3.4509	442.356127747	842.0
3.4611	442.774102519	813.0
3.4714	443.194584178	847.0
3.4816	443.609413959	818.0
3.4918	444.022687742	852.0
3.5021	444.438440216	859.0
3.5123	444.84860438	865.0
3.5226	445.261228583	886.0
3.5328	445.668306525	811.0
3.543	446.073857546	861.0
3.5533	446.481840939	902.0
3.5635	446.884340449	840.0
3.5738	447.289254029	875.0
3.584	447.688724989	841.0
3.5942	448.086697562	794.0
3.6045	448.487057053	827.0
3.6147	448.882035137	886.0
3.625	449.27938218	882.0
3.6352	449.671388308	874.0
3.6454	450.061924049	880.0
3.6557	450.454802104	828.0
3.6659	450.842399314	867.0
3.6762	451.232321215	826.0
3.6864	451.617002005	880.0
3.6966	452.000239884	851.0
3.7069	452.385776308	815.0
3.7171	452.766130569	790.0
3.7274	453.148766079	763.0
3.7376	453.526258418	819.0
3.7478	453.90233481	784.0
3.7581	454.280666794	804.0
3.7683	454.653913452	760.0
3.7786	455.029398731	759.0
3.7888	455.399836949	724.0
3.799	455.768885678	788.0
3.8093	456.14014785	713.0
3.8195	456.506419725	747.0
3.8298	456.874888387	782.0
3.84	457.238404302	779.0
3.8502	457.600556693	738.0
3.8605	457.964881165	709.0
3.8707	458.324308593	716.0
3.881	458.685891757	712.0
3.8912	459.042614724	710.0
3.9014	459.397999649	689.0
3.9117	459.755516064	745.0
3.9219	460.108226945	735.0
3.9322	460.463053279	746.0
3.9424	460.813110237	670.0
3.9526	461.161854156	709.0
3.9629	461.512689736	707.0
3.9731	461.858809581	708.0
3.9834	462.207005348	714.0
3.9936	462.550520864	694.0
4.0038	462.892747877	735.0
4.0141	463.237027464	677.0
4.0243	463.576679439	648.0
4.0346	463.918368543	667.0
4.0448	464.255464855	610.0
4.055	464.591296742	679.0
4.0653	464.929142847	651.0
4.0755	465.262447815	687.0
4.0858	465.597751845	692.0
4.096	465.928548908	702.0
4.1062	466.258105173	705.0
4.1165	466.589638018	656.0
4.1267	466.916714584	709.0
4.137	467.245752857	647.0
4.1472	467.570368382	704.0
4.1574	467.893766298	690.0
4.1677	468.219103856	676.0
4.1779	468.54006841	718.0
4.1882	468.862958012	687.0
4.1984	469.181507514	708.0
4.2086	469.498862158	725.0
4.2189	469.8181202	646.0
4.2291	470.133086956	716.0
4.2394	470.449942786	698.0
4.2496	470.762539619	749.0
4.2598	471.073963922	663.0
4.2701	471.387256055	700.0
4.2803	471.696337091	687.0
4.2906	472.007271901	695.0
4.3008	472.314027301	675.0
4.311	472.619632083	688.0
4.3213	472.92706979	701.0
4.3315	473.230375092	718.0
4.3418	473.535499528	650.0
4.352	473.836522652	715.0
4.3622	474.13641666	670.0
4.3725	474.438109342	657.0
4.3827	474.73574684	659.0
4.393	475.035169478	655.0
4.4032	475.330567445	665.0
4.4134	475.624857396	695.0
4.4237	475.920912408	662.0
4.4339	476.212988015	650.0
4.4442	476.506815404	667.0
4.4544	476.79669333	724.0
4.4646	477.085483944	663.0
4.4749	477.376006637	651.0
4.4851	477.662624288	627.0
4.4954	477.950960984	675.0
4.5056	478.235422021	686.0
4.5158	478.518816065	682.0
4.5261	478.80390982	685.0
4.5363	479.085171505	627.0
4.5466	479.368120113	669.0
4.5568	479.647265485	653.0
4.567	479.925363802	657.0
4.5773	480.205130069	651.0
4.5875	480.481135875	584.0
4.5978	480.75879708	655.0
4.608	481.03272612	682.0
4.6182	481.305627671	636.0
4.6285	481.580166003	639.0
4.6387	481.851014145	605.0
4.649	482.123486752	628.0
4.6592	482.392296936	602.0
4.6694	482.660098832	616.0
4.6797	482.929506922	646.0
4.6899	483.195293781	641.0
4.7002	483.462674749	634.0
4.7104	483.726461732	613.0
4.7206	483.989259269	582.0
4.7309	484.253632985	627.0
4.7411	484.514453139	608.0
4.7514	484.776837614	608.0
4.7616	485.035695264	580.0
4.7718	485.293581957	578.0
4.7821	485.553015376	601.0
4.7923	485.808961638	618.0
4.8026	486.066442987	625.0
4.8128	486.320463418	556.0
4.823	486.573531035	571.0
4.8333	486.828116475	606.0
4.8435	487.079279922	604.0
4.8538	487.33194977	570.0
4.864	487.581223373	587.0
4.8742	487.829561968	567.0
4.8845	488.079390022	567.0
4.8947	488.325860029	568.0
4.905	488.573808288	565.0
4.9152	488.818423766	558.0
4.9254	489.062121708	633.0
4.9357	489.307281277	566.0
4.9459	489.549145549	612.0
4.9562	489.79246045	585.0
4.9664	490.032504849	593.0
4.9766	490.271648858	562.0
4.9869	490.51222718	578.0
4.9971	490.749571784	602.0
5.0074	490.988339909	550.0
5.0176	491.223898648	557.0
5.0278	491.458573822	591.0
5.0381	491.694656507	583.0
5.0483	491.927565901	575.0
5.0586	492.161872215	547.0
5.0688	492.393029116	553.0
5.079	492.623318963	515.0
5.0893	492.854990019	592.0
5.0995	493.083547083	605.0
5.1098	493.313474963	571.0
5.12	493.540312283	547.0
5.1302	493.766298751	535.0
5.1405	493.993640617	611.0
5.1507	494.217926683	548.0
5.161	494.443557948	589.0
5.1712	494.666156404	578.0
5.1814	494.88791991	598.0
5.1917	495.111013486	593.0
5.2019	495.331108363	568.0
5.2122	495.552523303	582.0
5.2224	495.770962108	571.0
5.2326	495.988581565	549.0
5.2429	496.207506237	563.0
5.2531	496.423488246	556.0
5.2634	496.640765651	619.0
5.2736	496.855122535	530.0
5.2838	497.068675381	591.0
5.2941	497.283509053	612.0
5.3043	497.495455051	599.0
5.3146	497.708672237	591.0
5.3248	497.919023478	552.0
5.335	498.128585706	587.0
5.3453	498.339404825	598.0
5.3555	498.547390232	541.0
5.3658	498.756623073	553.0
5.376	498.963043523	553.0
5.3862	499.168689705	544.0
5.3965	499.37556929	554.0
5.4067	499.579668116	589.0
5.417	499.784991066	584.0
5.4272	499.98755418	554.0
5.4374	500.189357493	586.0
5.4477	500.392371162	566.0
5.4579	500.592656036	585.0
5.4682	500.794142157	555.0
5.4784	500.992920016	591.0
5.4886	501.190952273	555.0
5.4989	501.390172267	563.0
5.5091	501.586714458	529.0
5.5194	501.78443545	512.0
5.5296	501.979498787	559.0
5.5398	502.173830456	575.0
5.5501	502.369327667	566.0
5.5603	502.562197115	568.0
5.5706	502.756223335	552.0
5.5808	502.947641564	522.0
5.591	503.138341796	522.0
5.6013	503.330185791	494.0
5.6115	503.519451127	506.0
5.6218	503.709851619	503.0
5.632	503.897692855	526.0
5.6422	504.084829511	472.0
5.6525	504.273088557	505.0
5.6627	504.45881713	470.0
5.673	504.645659647	516.0
5.6832	504.829990733	477.0
5.6934	505.013630405	489.0
5.7037	505.198371492	470.0
5.7139	505.380629394	440.0
5.7242	505.563980423	474.0
5.7344	505.744866951	468.0
5.7446	505.925074987	393.0
5.7549	506.106363855	448.0
5.7651	506.285215941	397.0
5.7754	506.465140727	391.0
5.7856	506.642647066	428.0
5.7958	506.819487591	413.0
5.8061	506.997388752	371.0
5.8163	507.172898665	406.0
5.8266	507.349461234	381.0
5.8368	507.523650548	377.0
5.847	507.69718649	378.0
5.8573	507.871763249	333.0
5.8675	508.043993444	352.0
5.8778	508.217256625	379.0
5.888	508.388190899	372.0
5.8982	508.558484011	346.0
5.9085	508.729798489	327.0
5.9187	508.898810254	327.0
5.929	509.068835701	334.0
5.9392	509.236575762	331.0
5.9494	509.403686641	291.0
5.9597	509.571799801	325.0
5.9699	509.737653278	279.0
5.9802	509.904501494	272.0
5.9904	510.069107031	251.0
6.0006	510.233095144	255.0
6.0109	510.398066807	239.0
6.0211	510.560821015	231.0
6.0314	510.724551373	267.0
6.0416	510.886080959	249.0
6.0518	511.04700466	255.0
6.0621	511.208893532	207.0
6.0723	511.368606385	207.0
6.0826	511.529277147	220.0
6.0928	511.687788263	223.0
6.103	511.845704816	208.0
6.1133	512.004568504	228.0
6.1235	512.161296835	195.0
6.1338	512.318965176	181.0
6.144	512.474514228	194.0
6.1542	512.629479826	182.0
6.1645	512.785374861	198.0
6.1747	512.939174442	198.0
6.185	513.093896467	166.0
6.1952	513.246538806	159.0
6.2054	513.398608593	143.0
6.2157	513.55159045	150.0
6.2259	513.70251601	160.0
6.2362	513.854346776	114.0
6.2464	514.004136719	139.0
6.2566	514.153364809	121.0
6.2669	514.303487925	142.0
6.2771	514.451593171	121.0
6.2874	514.600586706	117.0
6.2976	514.747577555	121.0
6.3078	514.894017051	128.0
6.3181	515.041334847	108.0
6.3283	515.18667248	81.0
6.3386	515.332881804	112.0
6.3488	515.477125865	94.0
6.359	515.620828877	86.0
6.3693	515.765393775	93.0
6.3795	515.908015514	74.0
6.3898	516.051492654	81.0
6.4	516.193041256	80.0
6.4102	516.334058919	65.0
6.4205	516.475922362	81.0
6.4307	516.615878958	64.0
6.441	516.756674971	69.0
6.4512	516.895578483	88.0
6.4614	517.033960977	67.0
6.4717	517.173173448	67.0
6.4819	517.310514703	62.0
6.4922	517.44867969	57.0
6.5024	517.58498754	57.0
6.5126	517.72078411	54.0
6.5229	517.857395146	59.0
6.5331	517.992169933	59.0
6.5434	518.127753059	46.0
6.5536	518.261513753	47.0
6.5638	518.394772719	43.0
6.5741	518.528830933	42.0
6.5843	518.661087212	47.0
6.5946	518.794136724	31.0
6.6048	518.925397859	47.0
6.615	519.056166642	34.0
6.6253	519.187719738	33.0
6.6355	519.317504571	29.0
6.6458	519.448067813	31.0
6.656	519.576876099	42.0
6.6662	519.705201233	30.0
6.6765	519.834296023	24.0
6.6867	519.961655593	40.0
6.697	520.089779027	27.0
6.7072	520.216180298	34.0
6.7174	520.342107447	26.0
6.7277	520.468789869	30.0
6.7379	520.593769497	21.0
6.7482	520.719498715	25.0
6.7584	520.843537952	28.0
6.7686	520.967111926	25.0
6.7789	521.09142706	17.0
6.7891	521.214071219	19.0
6.7994	521.337450961	22.0
6.8096	521.459172302	24.0
6.8198	521.580437075	23.0
6.8301	521.702429157	14.0
6.8403	521.82278149	17.0
6.8506	521.94385566	15.0
6.8608	522.063302419	16.0
6.871	522.182301142	6.0
6.8813	522.302013583	18.0
6.8915	522.420116917	18.0
6.9018	522.538928599	13.0
6.912	522.656143281	15.0
6.9222	522.772918299	23.0
6.9325	522.890393698	18.0
6.9427	523.006290059	14.0
6.953	523.122881532	8.0
6.9632	523.237905847	10.0
6.9734	523.352498714	11.0
6.9837	523.467778875	10.0
6.9939	523.581509505	17.0
7.0042	523.695922256	10.0
7.0144	523.808797136	12.0
7.0246	523.92124863	13.0
7.0349	524.034374573	8.0
7.0451	524.145979942	16.0
7.0554	524.258254686	9.0
7.0656	524.369020296	11.0
7.0758	524.479370432	13.0
7.0861	524.590382415	8.0
7.0963	524.699902237	9.0
7.1066	524.810078925	6.0
7.1168	524.918774681	12.0
7.127	525.027062727	8.0
7.1373	525.136000251	8.0
7.1475	525.243473499	9.0
7.1578	525.351591339	8.0
7.168	525.458255919	7.0
7.1782	525.564520408	9.0
7.1885	525.67142224	7.0
7.1987	525.776887157	9.0
7.209	525.88298462	6.0
7.2192	525.987655982	8.0
7.2294	526.091934728	7.0
7.2397	526.196838907	12.0
7.2499	526.300333023	6.0
7.2602	526.404447865	6.0
7.2704	526.507163254	1.0
7.2806	526.609493365	10.0
7.2909	526.712437221	9.0
7.3011	526.813997364	5.0
7.3114	526.916166633	10.0
7.3216	527.016962601	9.0
7.3318	527.11738049	7.0
7.3421	527.218400655	4.0
7.3523	527.318062964	5.0
7.3626	527.418323018	5.0
7.3728	527.517235432	4.0
7.383	527.615776833	4.0
7.3933	527.714909255	4.0
7.4035	527.812709195	2.0
7.4138	527.911095709	3.0
7.424	528.008159767	6.0
7.4342	528.104859745	9.0
7.4445	528.2021397	4.0
7.4547	528.298112073	4.0
7.465	528.394660058	8.0
7.4752	528.4899103	1.0
7.4854	528.584803266	5.0
7.4957	528.68026537	5.0
7.5059	528.774444327	4.0
7.5162	528.86918814	4.0
7.5264	528.96265846	5.0
7.5366	529.05577818	3.0
7.5469	529.149456404	6.0
7.5571	529.241875457	1.0
7.5674	529.334848813	5.0
7.5776	529.426572472	4.0
7.5878	529.517952083	6.0
7.5981	529.609879761	5.0
7.6083	529.700571799	10.0
7.6186	529.79180778	2.0
7.6288	529.881817418	6.0
7.639	529.971489437	2.0
7.6493	530.061699281	4.0
7.6595	530.150696576	7.0
7.6698	530.240227649	9.0
7.68	530.328555296	3.0
7.6902	530.416551632	4.0
7.7005	530.505075743	2.0
7.7107	530.592409963	5.0
7.721	530.680267988	6.0
7.7312	530.766945074	1.0
7.7414	530.853297041	2.0
7.7517	530.94016692	2.0
7.7619	531.025869144	1.0
7.7722	531.112085383	7.0
7.7824	531.197142753	4.0
7.7926	531.281881078	6.0
7.8029	531.367127638	6.0
7.8131	531.451228361	4.0
7.8234	531.535833496	5.0
7.8336	531.619301415	3.0
7.8438	531.702456253	5.0
7.8541	531.786109828	4.0
7.8643	531.868638978	0.0
7.8746	531.951663114	2.0
7.8848	532.033571286	6.0
7.895	532.115172226	3.0
7.9053	532.197262584	4.0
7.9155	532.278249529	4.0
7.9258	532.35972221	1.0
7.936	532.44009978	4.0
7.9462	532.520175861	5.0
7.9565	532.600732213	5.0
7.9667	532.680205772	3.0
7.977	532.760155989	1.0
7.9872	532.839031561	7.0
7.9974	532.917611275	2.0
8.0077	532.996662287	3.0
8.0179	533.07465074	4.0
8.0282	533.153106944	3.0
8.0384	533.230508584	2.0
8.0486	533.307619896	6.0
8.0589	533.385193698	3.0
8.0691	533.461724797	3.0
8.0794	533.538714906	8.0
8.0896	533.614670157	3.0
8.0998	533.690340506	1.0
8.1101	533.766464702	2.0
8.1203	533.84156568	3.0
8.1306	533.917117091	6.0
8.1408	533.991652982	1.0
8.151	534.065909294	4.0
8.1613	534.140610973	2.0
8.1715	534.214308555	1.0
8.1818	534.288448152	7.0
8.192	534.361591206	5.0
8.2022	534.434459906	4.0
8.2125	534.50776565	1.0
8.2227	534.58008606	1.0
8.233	534.652840225	2.0
8.2432	534.72461647	4.0
8.2534	534.796123488	3.0
8.2637	534.868059382	2.0
8.2739	534.939028356	5.0
8.2842	535.010422979	6.0
8.2944	535.080857956	7.0
8.3046	535.151028736	2.0
8.3149	535.22162038	3.0
8.3251	535.29126317	3.0
8.3354	535.361323657	2.0
8.3456	535.43044243	3.0
8.3558	535.499301944	2.0
8.3661	535.568574456	4.0
8.3763	535.636915846	6.0
8.3866	535.705667126	3.0
8.3968	535.773494291	3.0
8.407	535.841067041	6.0
8.4173	535.909045072	4.0
8.4275	535.97610938	2.0
8.4378	536.04357592	3.0
8.448	536.110135613	6.0
8.4582	536.176445644	2.0
8.4685	536.243153384	5.0
8.4787	536.308964475	4.0
8.489	536.375170281	1.0
8.4992	536.440486187	5.0
8.5094	536.505557096	1.0
8.5197	536.571018282	2.0
8.5299	536.635599575	3.0
8.5402	536.700568207	2.0
8.5504	536.764663567	6.0
8.5606	536.82851851	2.0
8.5709	536.892756436	4.0
8.5811	536.956130912	3.0
8.5914	537.019885488	1.0
8.6016	537.082783112	4.0
8.6118	537.145444811	6.0
8.6221	537.208482335	5.0
8.6323	537.270672545	3.0
8.6426	537.333235753	1.0
8.6528	537.394958022	2.0
8.663	537.456448774	1.0
8.6733	537.51830833	1.0
8.6835	537.579336404	3.0
8.6938	537.640730506	2.0
8.704	537.701299383	3.0
8.7142	537.761641071	4.0
8.7245	537.822344669	0.0
8.7347	537.882232324	3.0
8.745	537.942479168	4.0
8.7552	538.001916207	2.0
8.7654	538.061130301	6.0
8.7757	538.120699544	2.0
8.7859	538.179468091	3.0
8.7962	538.238589114	1.0
8.8064	538.296915465	5.0
8.8166	538.355023038	4.0
8.8269	538.413479123	7.0
8.8371	538.471149474	5.0
8.8474	538.529165714	3.0
8.8576	538.586402133	2.0
8.8678	538.643423862	3.0
8.8781	538.70078759	3.0
8.8883	538.757380267	2.0
8.8986	538.81431237	4.0
8.9088	538.870479223	1.0
8.919	538.926435399	0.0
8.9293	538.982727182	2.0
8.9395	539.038262324	2.0
8.9498	539.094130548	0.0
8.96	539.149247823	3.0
8.9702	539.204158357	0.0
8.9805	539.259398227	7.0
8.9907	539.313895595	2.0
9.001	539.368719821	1.0
9.0112	539.422807131	1.0
9.0214	539.476691563	6.0
9.0317	539.530899178	1.0
9.0419	539.584378164	2.0
9.0522	539.638177901	2.0
9.0624	539.691254492	5.0
9.0726	539.744131997	1.0
9.0829	539.797326645	0.0
9.0931	539.849806281	4.0
9.1034	539.902600673	4.0
9.1136	539.954685433	2.0
9.1238	540.006574827	1.0
9.1341	540.058775438	2.0
9.1443	540.110274397	0.0
9.1546	540.162082231	3.0
9.1648	540.213193694	2.0
9.175	540.264113441	2.0
9.1853	540.31533859	2.0
9.1955	540.365875199	0.0
9.2058	540.416714911	1.0
9.216	540.466871264	5.0
9.2262	540.516839485	6.0
9.2365	540.567107399	7.0
9.2467	540.616699641	0.0
9.257	540.666589322	2.0
9.2672	540.715808414	1.0
9.2774	540.764842888	4.0
9.2877	540.814171457	2.0
9.2979	540.862836978	1.0
9.3082	540.911794381	7.0
9.3184	540.960093726	2.0
9.3286	541.008211903	2.0
9.3389	541.056618679	5.0
9.3491	541.104374798	2.0
9.3594	541.152417344	1.0
9.3696	541.199814128	1.0
9.3798	541.247033131	0.0
9.3901	541.294535339	4.0
9.4003	541.34139905	3.0
9.4106	541.388543834	3.0
9.4208	541.435054925	5.0
9.431	541.481391556	3.0
9.4413	541.5280061	2.0
9.4515	541.573994078	2.0
9.4618	541.620257878	2.0
9.472	541.665899825	2.0
9.4822	541.711370573	6.0
9.4925	541.757114041	5.0
9.5027	541.802242651	7.0
9.513	541.847641928	4.0
9.5232	541.892430974	2.0
9.5334	541.93705202	1.0
9.5437	541.981940689	1.0
9.5539	542.026225989	1.0
9.5642	542.0707769	3.0
9.5744	542.114728982	2.0
9.5846	542.158516203	0.0
9.5949	542.202566047	1.0
9.6051	542.246023797	3.0
9.6154	542.289742194	3.0
9.6256	542.332872953	2.0
9.6358	542.375841931	1.0
9.6461	542.419068624	2.0
9.6563	542.461714289	3.0
9.6666	542.504615729	6.0
9.6768	542.546940512	1.0
9.687	542.589106538	1.0
9.6973	542.631525462	1.0
9.7075	542.673374216	1.0
9.7178	542.715473966	1.0
9.728	542.757007834	1.0
9.7382	542.798385912	1.0
9.7485	542.840012163	1.0
9.7587	542.881078898	3.0
9.769	542.922391938	1.0
9.7792	542.963149672	7.0
9.7894	543.003754526	1.0
9.7997	543.044602916	1.0
9.8099	543.084902245	6.0
9.8202	543.125443277	2.0
9.8304	543.165439379	1.0
9.8406	543.205285459	1.0
9.8509	543.245370523	1.0
9.8611	543.284916787	5.0
9.8714	543.324700237	2.0
9.8816	543.36394894	4.0
9.8918	543.403050425	0.0
9.9021	543.442386428	10.0
9.9123	543.481193698	3.0
9.9226	543.520233723	1.0
9.9328	543.558748994	0.0
9.943	543.597119797	0.0
9.9533	543.635720736	2.0
9.9635	543.673802823	2.0
9.9738	543.712113315	3.0
9.984	543.749908859	3.0
9.9942	543.787562635	2.0
10.0045	543.825442246	2.0
10.0147	543.862812701	2.0
10.025	543.900407293	2.0
10.0352	543.937496559	2.0
10.0454	543.974446707	1.0
10.0557	544.011618469	1.0
10.0659	544.04829059	3.0
10.0762	544.08518266	1.0
10.0864	544.121578847	1.0
10.0966	544.157838514	1.0
10.1069	544.194315656	2.0
10.1171	544.230302492	1.0
10.1274	544.266505167	4.0
10.1376	544.302221226	2.0
10.1478	544.337803316	2.0
10.1581	544.373598817	2.0
10.1683	544.408913175	2.0
10.1786	544.444439338	1.0
10.1888	544.479487978	1.0
10.199	544.514405153	1.0
10.2093	544.549531751	1.0
10.2195	544.584186197	5.0
10.2298	544.61904849	2.0
10.24	544.653442183	0.0
10.2502	544.687706868	1.0
10.2605	544.722177062	0.0
10.2707	544.756183928	2.0
10.281	544.790394756	3.0
10.2912	544.824145741	0.0
10.3014	544.857770129	2.0
10.3117	544.891596186	2.0
10.3219	544.924967572	4.0
10.3322	544.958539109	1.0
10.3424	544.991659397	2.0
10.3526	545.024655453	2.0
10.3629	545.057849409	1.0
10.3731	545.090597191	5.0
10.3834	545.123541384	4.0
10.3936	545.15604276	2.0
10.4038	545.188422225	1.0
10.4141	545.220995893	2.0
10.4243	545.253131724	4.0
10.4346	545.285460295	1.0
10.4448	545.317354324	2.0
10.455	545.349128721	2.0
10.4653	545.381093692	3.0
10.4755	545.412629007	4.0
10.4858	545.444353461	1.0
10.496	545.475651493	4.0
10.5062	545.506832128	3.0
10.5165	545.538199776	2.0
10.5267	545.569145797	2.0
10.537	545.600277423	2.0
10.5472	545.630990595	2.0
10.5574	545.661588564	2.0
10.5677	545.69237005	0.0
10.5779	545.722737789	3.0
10.5882	545.753287665	1.0
10.5984	545.783426907	1.0
10.6086	545.813453098	1.0
10.6189	545.843659377	5.0
10.6291	545.87345964	3.0
10.6394	545.903438637	2.0
10.6496	545.933014672	3.0
10.6598	545.96247977	0.0
10.6701	545.992121591	2.0
10.6803	546.021364983	3.0
10.6906	546.050783768	4.0
10.7008	546.079807122	0.0
10.711	546.108721612	1.0
10.7213	546.137809522	1.0
10.7315	546.166506449	0.0
10.7418	546.195375491	5.0
10.752	546.223856492	1.0
10.7622	546.252230662	0.0
10.7725	546.280775013	3.0
10.7827	546.308935686	1.0
10.793	546.337265258	2.0
10.8032	546.36521404	2.0
10.8134	546.393057989	1.0
10.8237	546.421068937	0.0
10.8339	546.448703377	2.0
10.8442	546.47650356	4.0
10.8544	546.503930069	1.0
10.8646	546.531253704	4.0
10.8749	546.558741217	3.0
10.8851	546.585859258	6.0
10.8954	546.613139945	0.0
10.9056	546.640053941	2.0
10.9158	546.666866984	0.0
10.9261	546.693840843	0.0
10.9363	546.720452135	3.0
10.9466	546.747223034	0.0
10.9568	546.773634093	1.0
10.967	546.799946086	2.0
10.9773	546.826415891	1.0
10.9875	546.852529903	3.0
10.9978	546.878800539	2.0
11.008	546.90471806	2.0
11.0182	546.930538367	2.0
11.0285	546.956513535	3.0
11.0387	546.982139561	0.0
11.049	547.007919283	4.0
11.0592	547.033352489	1.0
11.0694	547.058690296	2.0
11.0797	547.084180072	4.0
11.0899	547.109327229	5.0
11.1002	547.134625211	3.0
11.1104	547.159583152	2.0
11.1206	547.184447477	2.0
11.1309	547.209460931	1.0
11.1411	547.234138168	1.0
11.1514	547.258963412	2.0
11.1616	547.283454968	3.0
11.1718	547.307854659	3.0
11.1821	547.332400692	1.0
11.1923	547.35661679	1.0
11.2026	547.38097813	3.0
11.2128	547.405012018	2.0
11.223	547.428955756	3.0
11.2333	547.453043102	3.0
11.2435	547.47680668	5.0
11.2538	547.500712784	1.0
11.264	547.524297556	0.0
11.2742	547.547793862	3.0
11.2845	547.571431093	1.0
11.2947	547.594750605	1.0
11.305	547.618209981	1.0
11.3152	547.641354029	1.0
11.3254	547.664411265	0.0
11.3357	547.687606792	0.0
11.3459	547.710490537	3.0
11.3562	547.733511532	1.0
11.3664	547.756223092	1.0
11.3766	547.778849463	1.0
11.3869	547.801611539	5.0
11.3971	547.824067661	3.0
11.4074	547.846658467	0.0
11.4176	547.868945621	2.0
11.4278	547.891149177	3.0
11.4381	547.913485903	1.0
11.4483	547.935522392	1.0
11.4586	547.957691048	0.0
11.4688	547.979561726	1.0
11.479	548.001350369	0.0
11.4893	548.023269694	4.0
11.4995	548.044894391	1.0
11.5098	548.066648787	2.0
11.52	548.088110772	5.0
11.5302	548.109492255	0.0
11.5405	548.131001977	3.0
11.5507	548.152222578	1.0
11.561	548.173570454	5.0
11.5712	548.194631383	1.0
11.5814	548.215613315	8.0
11.5917	548.23672109	1.0
11.6019	548.257545146	3.0
11.6122	548.278494098	1.0
11.6224	548.299161466	1.0
11.6326	548.319751313	0.0
11.6429	548.340464651	1.0
11.6531	548.360899572	3.0
11.6634	548.381457055	4.0
11.6736	548.401738217	4.0
11.6838	548.421943305	0.0
11.6941	548.442269577	4.0
11.7043	548.462322635	4.0
11.7146	548.482495965	3.0
11.7248	548.502398137	0.0
11.735	548.522225657	2.0
11.7453	548.542172096	1.0
11.7555	548.561850427	2.0
11.7658	548.581646782	4.0
11.776	548.601177046	2.0
11.7862	548.620634053	2.0
11.7965	548.640207757	1.0
11.8067	548.659518363	1.0
11.817	548.678944787	2.0
11.8272	548.698110093	0.0
11.8374	548.717203511	2.0
11.8477	548.736411446	1.0
11.8579	548.755361198	2.0
11.8682	548.774424605	0.0
11.8784	548.793231773	2.0
11.8886	548.811968396	2.0
11.8989	548.830817396	3.0
11.9091	548.849413038	3.0
11.9194	548.868120211	3.0
11.9296	548.886575933	0.0
11.9398	548.904962429	2.0
11.9501	548.923459201	2.0
11.9603	548.94170735	4.0
11.9706	548.960064946	0.0
11.9808	548.97817579	2.0
11.991	548.996218701	0.0
12.0013	549.014369828	3.0
12.0115	549.032276978	2.0
12.0218	549.050291529	2.0
12.032	549.068063939	2.0
12.0422	549.085769686	2.0
12.0525	549.103581627	1.0
12.0627	549.12115415	1.0
12.073	549.138832067	3.0
12.0832	549.156272367	1.0
12.0934	549.173647251	1.0
12.1037	549.191126343	2.0
12.1139	549.208370492	1.0
12.1242	549.225718065	2.0
[END DATA]
