TL-DOS Lehrstuhlversuch
detector=R1408304
job_number=2015-10-14-003
irradiation_dose [mSv]=1.0

[BEGIN DATA]
time [sec] 	 temperature [K] 	 photoncount 
0.0	167.916398241	0.0
0.0102	169.207806895	0.0
0.0205	170.507544535	0.0
0.0307	171.790387765	0.0
0.041	173.081504737	1.0
0.0512	174.355839352	0.0
0.0614	175.625961462	1.0
0.0717	176.904275269	0.0
0.0819	178.165973139	1.0
0.0922	179.435808375	1.0
0.1024	180.68913788	1.0
0.1126	181.938324316	2.0
0.1229	183.195567424	0.0
0.1331	184.436468478	4.0
0.1434	185.685372768	1.0
0.1536	186.918043395	1.0
0.1638	188.146639244	2.0
0.1741	189.383158964	4.0
0.1843	190.603606001	1.0
0.1946	191.831924354	1.0
0.2048	193.044276628	1.0
0.215	194.252621287	1.0
0.2253	195.468759209	0.0
0.2355	196.669089376	3.0
0.2458	197.877161114	1.0
0.256	199.069529945	1.0
0.2662	200.257957221	0.0
0.2765	201.4540493	0.0
0.2867	202.634594187	0.0
0.297	203.82275304	1.0
0.3072	204.995467819	0.0
0.3174	206.164306013	0.0
0.3277	207.34068267	0.0
0.3379	208.501768401	0.0
0.3482	209.670342597	1.0
0.3584	210.823727286	0.0
0.3686	211.973299288	0.0
0.3789	213.130285496	0.0
0.3891	214.272232822	0.0
0.3994	215.421545178	0.0
0.4096	216.555918399	0.0
0.4198	217.686541778	0.0
0.4301	218.824457153	0.0
0.4403	219.947581535	0.0
0.4506	221.077949548	0.0
0.4608	222.193624671	0.0
0.471	223.305611761	0.0
0.4813	224.424770652	1.0
0.4915	225.529382352	0.0
0.5018	226.641118285	0.0
0.512	227.738403514	0.0
0.5222	228.832061501	0.0
0.5325	229.932773074	0.0
0.5427	231.019177241	1.0
0.553	232.112588211	0.0
0.5632	233.19178667	0.0
0.5734	234.267417676	0.0
0.5837	235.349986002	0.0
0.5939	236.418482755	0.0
0.6042	237.493870815	0.0
0.6144	238.555280632	0.0
0.6246	239.613181799	0.0
0.6349	240.677905938	0.0
0.6451	241.728790446	0.0
0.6554	242.786452672	0.0
0.6656	243.830367061	0.0
0.6758	244.870830634	1.0
0.6861	245.918004714	0.0
0.6963	246.951567285	0.0
0.7066	247.991795855	0.0
0.7168	249.018503197	0.0
0.727	250.041816603	1.0
0.7373	251.071729905	0.0
0.7475	252.08825606	0.0
0.7578	253.111338336	0.0
0.768	254.121122257	0.0
0.7782	255.127568186	0.0
0.7885	256.140505223	1.0
0.7987	257.140275776	0.0
0.809	258.146494385	0.0
0.8192	259.139633838	0.0
0.8294	260.129490319	0.0
0.8397	261.125730914	0.0
0.8499	262.109022051	0.0
0.8602	263.09865496	0.0
0.8704	264.075424299	0.0
0.8806	265.048964779	0.0
0.8909	266.028784144	0.0
0.9011	266.995867498	0.0
0.9114	267.969188091	0.0
0.9216	268.929857148	0.0
0.9318	269.887350568	0.0
0.9421	270.851019376	0.0
0.9523	271.802162104	0.0
0.9626	272.759439262	1.0
0.9728	273.70427342	0.0
0.983	274.645984286	0.0
0.9933	275.593768751	0.0
1.0035	276.529233605	0.0
1.0138	277.470731773	0.0
1.024	278.399992043	0.0
1.0342	279.326180503	0.0
1.0445	280.258342448	0.0
1.0547	281.17838785	0.0
1.065	282.104367118	0.0
1.0752	283.018310207	0.0
1.0854	283.929232119	1.0
1.0957	284.846029055	0.0
1.1059	285.750909166	0.0
1.1162	286.661625334	1.0
1.1264	287.560503718	0.0
1.1366	288.456410724	0.0
1.1469	289.358095914	0.0
1.1571	290.248060708	0.0
1.1674	291.143765361	0.0
1.1776	292.027827355	0.0
1.1878	292.908966948	0.0
1.1981	293.795789483	0.0
1.2083	294.67108481	0.0
1.2186	295.552025386	2.0
1.2288	296.421515211	0.0
1.239	297.288130806	1.0
1.2493	298.16033567	0.0
1.2595	299.021203331	1.0
1.2698	299.887623189	0.0
1.28	300.742781041	0.0
1.2902	301.59511204	1.0
1.3005	302.452940178	0.0
1.3107	303.299617987	1.0
1.321	304.151756475	0.0
1.3312	304.992818591	0.0
1.3414	305.831100449	0.0
1.3517	306.674788836	0.0
1.3619	307.507510688	1.0
1.3722	308.345603208	2.0
1.3824	309.172801931	1.0
1.3926	309.997266223	0.0
1.4029	310.827047927	0.0
1.4131	311.64604386	0.0
1.4234	312.470321935	1.0
1.4336	313.283885778	0.0
1.4438	314.094760262	0.0
1.4541	314.91086451	3.0
1.4643	315.71636077	0.0
1.4746	316.527052107	1.0
1.4848	317.327205816	3.0
1.495	318.124714495	0.0
1.5053	318.927366735	2.0
1.5155	319.719585841	0.0
1.5258	320.516914393	3.0
1.536	321.303879009	1.0
1.5462	322.088242195	1.0
1.5565	322.877664159	1.0
1.5667	323.656824961	1.0
1.577	324.441010988	2.0
1.5872	325.215003911	0.0
1.5974	325.986438283	2.0
1.6077	326.762848049	0.0
1.6179	327.529165789	1.0
1.6282	328.300425923	1.0
1.6384	329.061660967	1.0
1.6486	329.820379634	2.0
1.6589	330.583991684	0.0
1.6691	331.337678057	1.0
1.6794	332.096225357	3.0
1.6896	332.844912813	3.0
1.6998	333.59112537	5.0
1.7101	334.342150651	4.0
1.7203	335.083413863	8.0
1.7306	335.829457877	2.0
1.7408	336.56580457	0.0
1.751	337.299717158	3.0
1.7613	338.038363141	3.0
1.7715	338.767407964	2.0
1.7818	339.501154787	1.0
1.792	340.225364132	2.0
1.8022	340.947179493	5.0
1.8125	341.673650228	2.0
1.8227	342.390678061	4.0
1.833	343.112330391	6.0
1.8432	343.824602449	2.0
1.8534	344.534519985	7.0
1.8637	345.249016159	3.0
1.8739	345.95422508	7.0
1.8842	346.663982271	3.0
1.8944	347.364513809	3.0
1.9046	348.062729633	10.0
1.9149	348.765448625	5.0
1.9251	349.459033448	3.0
1.9354	350.157091571	4.0
1.9456	350.846076108	6.0
1.9558	351.532783103	12.0
1.9661	352.223919039	7.0
1.9763	352.906071366	4.0
1.9866	353.592623259	13.0
1.9968	354.270251127	8.0
2.007	354.945638995	13.0
2.0173	355.6253828	6.0
2.0275	356.296291076	11.0
2.0378	356.971526398	8.0
2.048	357.637984792	15.0
2.0582	358.302240108	11.0
2.0685	358.970779561	12.0
2.0787	359.630629123	8.0
2.089	360.294734407	11.0
2.0992	360.950207436	15.0
2.1094	361.6035137	14.0
2.1197	362.261033485	8.0
2.1299	362.910006616	13.0
2.1402	363.563165321	19.0
2.1504	364.207834058	17.0
2.1606	364.850371745	17.0
2.1709	365.497053502	15.0
2.1811	366.13532948	26.0
2.1914	366.777722042	17.0
2.2016	367.411764576	20.0
2.2118	368.043711187	25.0
2.2221	368.679733561	24.0
2.2323	369.307488709	42.0
2.2426	369.939292587	34.0
2.2528	370.562884073	22.0
2.263	371.184414183	28.0
2.2733	371.809952874	29.0
2.2835	372.42736061	31.0
2.2938	373.048750339	31.0
2.304	373.662063044	28.0
2.3142	374.27334835	39.0
2.3245	374.888576163	38.0
2.3347	375.495807045	43.0
2.345	376.106954284	56.0
2.3552	376.710157634	49.0
2.3654	377.311367003	47.0
2.3757	377.916453894	49.0
2.3859	378.51367567	58.0
2.3962	379.114749248	56.0
2.4064	379.708009877	58.0
2.4166	380.299309394	61.0
2.4269	380.894422518	72.0
2.4371	381.481800168	65.0
2.4474	382.072966132	73.0
2.4576	382.656447929	67.0
2.4678	383.238000938	77.0
2.4781	383.823304695	80.0
2.4883	384.401000483	73.0
2.4986	384.982422141	75.0
2.5088	385.556286292	79.0
2.519	386.128253449	79.0
2.5293	386.703909527	79.0
2.5395	387.272083042	89.0
2.5498	387.843921012	98.0
2.56	388.408326046	107.0
2.5702	388.970865354	102.0
2.5805	389.53703278	104.0
2.5907	390.095840978	109.0
2.601	390.658253229	107.0
2.6112	391.213355064	117.0
2.6214	391.766621926	134.0
2.6317	392.323457102	119.0
2.6419	392.873054353	105.0
2.6522	393.426196252	121.0
2.6624	393.972148233	148.0
2.6726	394.516295488	142.0
2.6829	395.063952239	136.0
2.6931	395.604490371	151.0
2.7034	396.148514722	165.0
2.7136	396.685467669	136.0
2.7238	397.220645636	161.0
2.7341	397.759275253	160.0
2.7443	398.290903588	209.0
2.7546	398.825960678	142.0
2.7648	399.354062923	186.0
2.775	399.880419446	170.0
2.7853	400.410170724	181.0
2.7955	400.933036124	188.0
2.8058	401.459273762	157.0
2.816	401.978671193	167.0
2.8262	402.496351677	158.0
2.8365	403.01737096	162.0
2.8467	403.531617866	181.0
2.857	404.049181425	161.0
2.8672	404.560017526	171.0
2.8774	405.06916498	171.0
2.8877	405.581596199	156.0
2.8979	406.087366671	175.0
2.9082	406.596399128	199.0
2.9184	407.098815016	142.0
2.9286	407.599570092	207.0
2.9389	408.103554806	174.0
2.9491	408.600988563	160.0
2.9594	409.101630537	163.0
2.9696	409.595765004	138.0
2.9798	410.088266035	162.0
2.9901	410.583943469	140.0
3.0003	411.073177927	140.0
3.0106	411.56556772	149.0
3.0208	412.051557271	121.0
3.031	412.535940311	152.0
3.0413	413.023447395	135.0
3.0515	413.504617705	136.0
3.0618	413.98889134	119.0
3.072	414.466870229	132.0
3.0822	414.943269086	137.0
3.0925	415.422740495	115.0
3.1027	415.89597958	118.0
3.113	416.372270836	115.0
3.1232	416.842371105	96.0
3.1334	417.310917386	106.0
3.1437	417.782485572	103.0
3.1539	418.247924163	103.0
3.1642	418.716364617	111.0
3.1744	419.178716129	97.0
3.1846	419.639539269	87.0
3.1949	420.103334504	103.0
3.2051	420.561101178	83.0
3.2154	421.021820235	104.0
3.2256	421.476550716	82.0
3.2358	421.929778017	83.0
3.2461	422.385928424	94.0
3.2563	422.836149639	84.0
3.2666	423.289274572	101.0
3.2768	423.736509641	93.0
3.287	424.182266307	101.0
3.2973	424.630897896	101.0
3.3075	425.073698026	85.0
3.3178	425.519354011	79.0
3.328	425.959217215	97.0
3.3382	426.397626386	99.0
3.3485	426.838863091	95.0
3.3587	427.274364459	110.0
3.369	427.712674609	93.0
3.3792	428.145287461	98.0
3.3894	428.576470246	103.0
3.3997	429.01043396	119.0
3.4099	429.438756872	112.0
3.4202	429.869842269	110.0
3.4304	430.295324278	97.0
3.4406	430.719399792	104.0
3.4509	431.146210396	125.0
3.4611	431.567473177	124.0
3.4714	431.991452907	128.0
3.4816	432.409921612	131.0
3.4918	432.827007005	140.0
3.5021	433.246782406	129.0
3.5123	433.661101429	147.0
3.5226	434.078092618	139.0
3.5328	434.48966362	143.0
3.543	434.899874112	149.0
3.5533	435.312730271	165.0
3.5635	435.720219992	134.0
3.5738	436.130337833	138.0
3.584	436.535124829	147.0
3.5942	436.93857374	158.0
3.6045	437.34462471	161.0
3.6147	437.745397697	152.0
3.625	438.148755484	159.0
3.6352	438.546870296	166.0
3.6454	438.943669079	158.0
3.6557	439.34302703	167.0
3.6659	439.737193996	172.0
3.6762	440.133903157	169.0
3.6864	440.525455764	159.0
3.6966	440.915714034	163.0
3.7069	441.308489289	171.0
3.7171	441.696159123	164.0
3.7274	442.086329248	175.0
3.7376	442.471427816	157.0
3.7478	442.855253381	171.0
3.7581	443.241554444	186.0
3.7683	443.62283424	171.0
3.7786	444.006573114	191.0
3.7888	444.385324025	187.0
3.799	444.762822918	154.0
3.8093	445.142756504	178.0
3.8195	445.51775159	168.0
3.8298	445.895165219	178.0
3.84	446.267673105	198.0
3.8502	446.638949609	161.0
3.8605	447.012620674	171.0
3.8707	447.381434641	182.0
3.881	447.752627288	177.0
3.8912	448.118995051	170.0
3.9014	448.484151731	200.0
3.9117	448.851663502	179.0
3.9219	449.214398236	152.0
3.9322	449.579472441	183.0
3.9424	449.939801292	170.0
3.9526	450.298939022	196.0
3.9629	450.660393024	158.0
3.9731	451.01714873	183.0
3.9834	451.376205344	169.0
3.9936	451.730594823	162.0
4.0038	452.083812815	165.0
4.0141	452.439308899	160.0
4.0243	452.79018413	141.0
4.0346	453.143322342	165.0
4.0448	453.49187035	141.0
4.055	453.83926618	136.0
4.0653	454.188902552	154.0
4.0755	454.533994236	137.0
4.0858	454.881311602	167.0
4.096	455.224114424	167.0
4.1062	455.565784059	148.0
4.1165	455.909657305	147.0
4.1267	456.249060776	136.0
4.137	456.59065324	142.0
4.1472	456.927805576	133.0
4.1574	457.263843403	135.0
4.1677	457.602048518	163.0
4.1779	457.935857534	140.0
4.1882	458.271819462	152.0
4.1984	458.603414449	130.0
4.2086	458.933913298	116.0
4.2189	459.266543711	165.0
4.2291	459.594850487	131.0
4.2394	459.925274688	146.0
4.2496	460.251403929	152.0
4.2598	460.576455101	127.0
4.2701	460.903602701	148.0
4.2803	461.226497931	137.0
4.2906	461.551475685	134.0
4.3008	461.872229273	139.0
4.311	462.191922561	120.0
4.3213	462.513677723	125.0
4.3315	462.831250607	129.0
4.3418	463.150871688	137.0
4.352	463.466338232	126.0
4.3622	463.780761952	135.0
4.3725	464.09721356	112.0
4.3827	464.409551827	108.0
4.393	464.723904531	105.0
4.4032	465.034171177	136.0
4.4134	465.343412189	139.0
4.4237	465.654647662	136.0
4.4339	465.961837596	119.0
4.4442	466.271008762	120.0
4.4544	466.576161221	117.0
4.4646	466.880304952	146.0
4.4749	467.18641027	125.0
4.4851	467.488536731	134.0
4.4954	467.792611767	136.0
4.5056	468.092734338	133.0
4.5158	468.391864808	136.0
4.5261	468.692924531	151.0
4.5363	468.990070982	132.0
4.5466	469.28913389	130.0
4.5568	469.58430948	148.0
4.567	469.878509324	130.0
4.5773	470.17460662	120.0
4.5875	470.466855147	136.0
4.5978	470.760988541	130.0
4.608	471.051298694	161.0
4.6182	471.340649184	126.0
4.6285	471.631865849	137.0
4.6387	471.919297186	138.0
4.649	472.208582321	117.0
4.6592	472.494107235	147.0
4.6694	472.778688302	136.0
4.6797	473.065104786	137.0
4.6899	473.347798335	134.0
4.7002	473.632315126	130.0
4.7104	473.913133676	143.0
4.7206	474.193023938	141.0
4.7309	474.474719362	155.0
4.7411	474.752753217	122.0
4.7514	475.032580262	130.0
4.7616	475.308770024	138.0
4.7718	475.584046799	120.0
4.7821	475.861098982	131.0
4.7923	476.13454995	108.0
4.8026	476.40976455	130.0
4.8128	476.681401822	115.0
4.823	476.952141155	111.0
4.8333	477.224626632	126.0
4.8435	477.493570254	138.0
4.8538	477.764248437	134.0
4.864	478.031408258	121.0
4.8742	478.297684941	141.0
4.8845	478.565678986	105.0
4.8947	478.830189557	140.0
4.905	479.096406098	144.0
4.9152	479.35916227	148.0
4.9254	479.621049863	133.0
4.9357	479.884626508	102.0
4.9459	480.144777099	103.0
4.9562	480.40660554	124.0
4.9664	480.665030651	134.0
4.9766	480.922601498	137.0
4.9869	481.181833558	124.0
4.9971	481.437696035	133.0
5.0074	481.695208706	106.0
5.0176	481.949374144	116.0
5.0278	482.2026994	105.0
5.0381	482.457658486	133.0
5.0483	482.709303532	127.0
5.0586	482.962571571	123.0
5.0688	483.21254755	117.0
5.079	483.461697195	122.0
5.0893	483.71245374	126.0
5.0995	483.959950871	131.0
5.1098	484.209044242	114.0
5.12	484.454899818	124.0
5.1302	484.69994268	101.0
5.1405	484.946565956	122.0
5.1507	485.189983542	122.0
5.161	485.434971058	112.0
5.1712	485.676774148	131.0
5.1814	485.91777792	115.0
5.1917	486.160336055	133.0
5.2019	486.399741341	147.0
5.2122	486.64069068	112.0
5.2224	486.878508081	106.0
5.2326	487.115539341	109.0
5.2429	487.354099342	104.0
5.2531	487.589558463	101.0
5.2634	487.826536186	114.0
5.2736	488.060433596	122.0
5.2838	488.293557822	117.0
5.2941	488.528185592	133.0
5.3043	488.759763594	124.0
5.3146	488.992835166	96.0
5.3248	489.222877199	108.0
5.335	489.452158792	90.0
5.3453	489.682919146	109.0
5.3555	489.910680002	113.0
5.3658	490.139909809	102.0
5.376	490.366160013	114.0
5.3862	490.591662313	98.0
5.3965	490.818618998	124.0
5.4067	491.042625627	121.0
5.417	491.268076994	142.0
5.4272	491.490597871	106.0
5.4374	491.712383172	115.0
5.4477	491.935598885	110.0
5.4579	492.155913168	117.0
5.4682	492.377648376	122.0
5.4784	492.596501397	105.0
5.4886	492.814630967	112.0
5.4989	493.034167371	108.0
5.5091	493.25085017	104.0
5.5194	493.468930472	109.0
5.5296	493.684176096	121.0
5.5398	493.898710193	102.0
5.5501	494.114627936	119.0
5.5603	494.327739109	113.0
5.5706	494.542224751	125.0
5.5808	494.753922438	121.0
5.591	494.964920327	111.0
5.6013	495.177279055	116.0
5.6115	495.386877474	96.0
5.6218	495.597827707	96.0
5.632	495.806035939	100.0
5.6422	496.013555908	96.0
5.6525	496.222414285	122.0
5.6627	496.428557852	116.0
5.673	496.63603095	115.0
5.6832	496.840807245	129.0
5.6934	497.044906622	98.0
5.7037	497.250322344	125.0
5.7139	497.453068007	143.0
5.7242	497.657121284	108.0
5.7344	497.858522211	124.0
5.7446	498.059257377	131.0
5.7549	498.261287192	97.0
5.7651	498.460690957	115.0
5.7754	498.661380784	98.0
5.7856	498.85946198	118.0
5.7958	499.056888388	111.0
5.8061	499.255588105	114.0
5.8163	499.451705059	118.0
5.8266	499.649086876	123.0
5.8368	499.84390306	114.0
5.847	500.03807525	120.0
5.8573	500.23349976	126.0
5.8675	500.426384079	108.0
5.8778	500.620512413	98.0
5.888	500.812117403	108.0
5.8982	501.003089014	112.0
5.9085	501.195292304	117.0
5.9187	501.384997272	104.0
5.929	501.57592575	119.0
5.9392	501.764372477	106.0
5.9494	501.952196266	103.0
5.9597	502.14123143	95.0
5.9699	502.327809454	116.0
5.9802	502.51559082	118.0
5.9904	502.700931343	121.0
6.0006	502.885659194	95.0
6.0109	503.071578455	117.0
6.0211	503.255081077	114.0
6.0314	503.439767205	98.0
6.0416	503.622052723	85.0
6.0518	503.803735669	90.0
6.0621	503.986590385	95.0
6.0723	504.167068297	89.0
6.0826	504.348710207	96.0
6.0928	504.527991077	92.0
6.103	504.706679307	112.0
6.1133	504.886519993	94.0
6.1235	505.064023052	82.0
6.1338	505.242670922	88.0
6.144	505.41899667	107.0
6.1542	505.594739547	85.0
6.1645	505.771615883	89.0
6.1747	505.946193124	76.0
6.185	506.121896306	86.0
6.1952	506.295315642	75.0
6.2054	506.468161714	83.0
6.2157	506.642122562	96.0
6.2259	506.813822211	90.0
6.2362	506.986629244	72.0
6.2464	507.157190074	92.0
6.2566	507.32718709	60.0
6.2669	507.498280507	71.0
6.2771	507.667149997	51.0
6.2874	507.837108617	76.0
6.2976	508.00485806	67.0
6.3078	508.172052981	74.0
6.3181	508.340326232	51.0
6.3283	508.506412212	60.0
6.3386	508.673569371	62.0
6.3488	508.838553766	65.0
6.359	509.00299278	55.0
6.3693	509.16849235	70.0
6.3795	509.331840702	76.0
6.3898	509.496242576	67.0
6.4	509.658507501	49.0
6.4102	509.820236034	55.0
6.4205	509.983007642	72.0
6.4307	510.143663491	38.0
6.441	510.305355496	39.0
6.4512	510.464945776	51.0
6.4614	510.624008506	49.0
6.4717	510.784097117	48.0
6.4819	510.942104844	34.0
6.4922	511.101131648	54.0
6.5024	511.258091369	42.0
6.5126	511.414532237	47.0
6.5229	511.571982076	35.0
6.5331	511.72738533	45.0
6.5434	511.883790863	34.0
6.5536	512.038163387	34.0
6.5638	512.192025609	37.0
6.5741	512.346880171	33.0
6.5843	512.499721882	47.0
6.5946	512.653549352	35.0
6.6048	512.805377323	41.0
6.615	512.956703403	43.0
6.6253	513.109005467	40.0
6.6355	513.259327859	30.0
6.6458	513.41061976	35.0
6.656	513.55994512	38.0
6.6662	513.708776863	32.0
6.6765	513.858568501	21.0
6.6867	514.006413099	26.0
6.697	514.155211226	36.0
6.7072	514.302075227	21.0
6.7174	514.448453746	22.0
6.7277	514.595776339	22.0
6.7379	514.741183986	23.0
6.7482	514.887529444	21.0
6.7584	515.031972656	28.0
6.7686	515.175938389	18.0
6.7789	515.320832635	18.0
6.7891	515.463843498	13.0
6.7994	515.607776715	19.0
6.8096	515.749839041	16.0
6.8198	515.891431759	14.0
6.8301	516.033937684	19.0
6.8403	516.174591271	19.0
6.8506	516.316152008	15.0
6.8608	516.455872693	14.0
6.871	516.59513151	17.0
6.8813	516.735288481	16.0
6.8915	516.873623647	19.0
6.9018	517.012851011	17.0
6.912	517.150268652	9.0
6.9222	517.287232038	14.0
6.9325	517.425078775	22.0
6.9427	517.561133735	14.0
6.953	517.698066186	13.0
6.9632	517.833218745	15.0
6.9734	517.967924537	6.0
6.9837	518.103499118	6.0
6.9939	518.237311457	10.0
7.0042	518.371986824	6.0
7.0144	518.504911637	14.0
7.0246	518.637397046	10.0
7.0349	518.770736925	5.0
7.0451	518.902343609	10.0
7.0554	519.034799095	5.0
7.0656	519.165532881	5.0
7.0758	519.295834507	9.0
7.0861	519.426976519	6.0
7.0963	519.556413904	8.0
7.1066	519.686686099	9.0
7.1168	519.815264975	7.0
7.127	519.943418814	10.0
7.1373	520.072399185	6.0
7.1475	520.199703028	9.0
7.1578	520.327827922	4.0
7.168	520.454287406	7.0
7.1782	520.58032886	5.0
7.1885	520.707183222	6.0
7.1987	520.832388691	4.0
7.209	520.958401676	8.0
7.2192	521.082776704	8.0
7.2294	521.206740592	4.0
7.2397	521.331503989	1.0
7.2499	521.45464567	5.0
7.2602	521.578581559	4.0
7.2704	521.700906489	5.0
7.2806	521.822827055	4.0
7.2909	521.945533952	5.0
7.3011	522.066645865	6.0
7.3114	522.188538894	6.0
7.3216	522.308847517	5.0
7.3318	522.428758443	1.0
7.3421	522.549442738	3.0
7.3523	522.668558339	2.0
7.3626	522.788442181	1.0
7.3728	522.906767734	3.0
7.383	523.024702144	0.0
7.3933	523.143397176	3.0
7.4035	523.260549371	6.0
7.4138	523.378457144	3.0
7.424	523.494832313	1.0
7.4342	523.610822787	2.0
7.4445	523.727561345	1.0
7.4547	523.842782498	4.0
7.465	523.958746773	4.0
7.4752	524.073203708	2.0
7.4854	524.187282287	7.0
7.4957	524.302096621	2.0
7.5059	524.41541856	2.0
7.5162	524.529471374	0.0
7.5264	524.642041692	2.0
7.5366	524.754239892	3.0
7.5469	524.867161718	2.0
7.5571	524.978615749	2.0
7.5674	525.090788608	4.0
7.5776	525.201503407	2.0
7.5878	525.311852222	2.0
7.5981	525.422912735	4.0
7.6083	525.532529648	2.0
7.6186	525.642853539	0.0
7.6288	525.751743404	0.0
7.639	525.860273317	2.0
7.6493	525.969503198	0.0
7.6595	526.077313273	5.0
7.6698	526.185818674	2.0
7.68	526.292913686	0.0
7.6902	526.399654679	2.0
7.7005	526.507084102	0.0
7.7107	526.613117123	2.0
7.721	526.719834007	3.0
7.7312	526.825163751	6.0
7.7414	526.930145311	6.0
7.7517	527.035803954	2.0
7.7619	527.140089211	0.0
7.7722	527.24504706	2.0
7.7824	527.348640633	0.0
7.7926	527.451891762	3.0
7.8029	527.555808812	6.0
7.8131	527.658375115	2.0
7.8234	527.761602923	4.0
7.8336	527.863488942	2.0
7.8438	527.965038162	1.0
7.8541	528.067242327	2.0
7.8643	528.168118009	0.0
7.8746	528.269644292	0.0
7.8848	528.369850904	2.0
7.895	528.469726268	0.0
7.9053	528.570245782	3.0
7.9155	528.66945871	1.0
7.9258	528.769311516	1.0
7.936	528.867866402	3.0
7.9462	528.966095501	4.0
7.9565	529.064958131	3.0
7.9667	529.162535713	0.0
7.977	529.260742625	1.0
7.9872	529.357673012	1.0
7.9974	529.454282981	0.0
8.0077	529.551516039	0.0
8.0179	529.647485231	3.0
8.0282	529.744073379	0.0
8.0384	529.839406043	0.0
8.0486	529.93442357	2.0
8.0589	530.030053917	2.0
8.0691	530.124441229	3.0
8.0794	530.219437295	2.0
8.0896	530.313198572	3.0
8.0998	530.406649907	2.0
8.1101	530.50070396	1.0
8.1203	530.593535467	2.0
8.1306	530.686965695	2.0
8.1408	530.779181486	5.0
8.151	530.871092444	1.0
8.1613	530.963596185	1.0
8.1715	531.054897532	3.0
8.1818	531.146787731	1.0
8.192	531.237483511	1.0
8.2022	531.327879482	2.0
8.2125	531.418858466	1.0
8.2227	531.508654875	2.0
8.233	531.599030429	0.0
8.2432	531.688231253	0.0
8.2534	531.77713721	0.0
8.2637	531.866616569	0.0
8.2739	531.954932846	4.0
8.2842	532.043818722	2.0
8.2944	532.131549231	8.0
8.3046	532.218989733	3.0
8.3149	532.306994186	1.0
8.3251	532.393854728	1.0
8.3354	532.481275481	2.0
8.3456	532.56755991	1.0
8.3558	532.653559114	2.0
8.3661	532.740112972	0.0
8.3763	532.825541775	1.0
8.3866	532.911521554	1.0
8.3968	532.99638374	1.0
8.407	533.080965401	2.0
8.4173	533.166092575	0.0
8.4275	533.250113238	1.0
8.4378	533.334675795	1.0
8.448	533.418139181	1.0
8.4582	533.501326666	2.0
8.4685	533.585050672	0.0
8.4787	533.667686406	0.0
8.489	533.750855102	0.0
8.4992	533.832942744	1.0
8.5094	533.914759033	0.0
8.5197	533.997103	1.0
8.5299	534.078376632	1.0
8.5402	534.160174442	0.0
8.5504	534.240909018	1.0
8.5606	534.321376713	0.0
8.5709	534.402363387	1.0
8.5811	534.482297371	1.0
8.5914	534.562746891	0.0
8.6016	534.642150703	1.0
8.6118	534.721292033	3.0
8.6221	534.800943788	0.0
8.6323	534.879560203	3.0
8.6426	534.958683658	2.0
8.6528	535.036778641	0.0
8.663	535.114615469	3.0
8.6733	535.192954309	1.0
8.6835	535.270274874	0.0
8.6938	535.348094122	1.0
8.704	535.424901849	3.0
8.7142	535.501455678	0.0
8.7245	535.578503242	2.0
8.7347	535.654549318	2.0
8.745	535.731085855	1.0
8.7552	535.806627546	3.0
8.7654	535.881919522	1.0
8.7757	535.957697097	1.0
8.7859	536.03248969	4.0
8.7962	536.10776466	0.0
8.8064	536.182061182	1.0
8.8166	536.256112106	0.0
8.8269	536.330640624	0.0
8.8371	536.404200396	2.0
8.8474	536.478234594	0.0
8.8576	536.551306472	2.0
8.8678	536.6241368	1.0
8.8781	536.697436849	1.0
8.8883	536.769784121	2.0
8.8986	536.842597999	1.0
8.9088	536.914465418	3.0
8.919	536.986095269	0.0
8.9293	537.058187099	0.0
8.9395	537.129341857	2.0
8.9498	537.200955529	1.0
8.96	537.271638344	1.0
8.9702	537.342087506	2.0
8.9805	537.412991032	0.0
8.9907	537.482972931	3.0
9.001	537.553406181	1.0
9.0112	537.622923917	0.0
9.0214	537.692211851	2.0
9.0317	537.761946661	0.0
9.0419	537.830775035	0.0
9.0522	537.90004732	0.0
9.0624	537.968419181	2.0
9.0726	538.036565028	1.0
9.0829	538.105150385	1.0
9.0931	538.172844247	3.0
9.1034	538.240974703	1.0
9.1136	538.308219578	1.0
9.1238	538.375242164	1.0
9.1341	538.442697015	0.0
9.1443	538.509275065	0.0
9.1546	538.576282514	0.0
9.1648	538.642418977	0.0
9.175	538.708336817	0.0
9.1853	538.774679796	2.0
9.1955	538.840160428	1.0
9.2058	538.906063379	1.0
9.216	538.971109702	1.0
9.2262	539.035941005	0.0
9.2365	539.10119044	0.0
9.2467	539.165591741	0.0
9.257	539.230408401	2.0
9.2672	539.294382553	1.0
9.2774	539.358145229	2.0
9.2877	539.422319144	0.0
9.2979	539.485658906	2.0
9.3082	539.54940718	2.0
9.3184	539.612326833	0.0
9.3286	539.675038496	2.0
9.3389	539.73815462	1.0
9.3491	539.80045034	1.0
9.3594	539.863147839	1.0
9.3696	539.925030375	3.0
9.3798	539.986708349	2.0
9.3901	540.048784117	1.0
9.4003	540.110053005	0.0
9.4106	540.171717048	0.0
9.4208	540.232579562	0.0
9.431	540.293240886	2.0
9.4413	540.354293447	1.0
9.4515	540.414552427	1.0
9.4618	540.47520005	0.0
9.472	540.535059355	0.0
9.4822	540.594720786	1.0
9.4925	540.654767006	3.0
9.5027	540.714032726	2.0
9.513	540.773680682	3.0
9.5232	540.832553314	0.0
9.5334	540.891231334	0.0
9.5437	540.9502878	3.0
9.5539	541.008576631	1.0
9.5642	541.067241398	0.0
9.5744	541.125143621	1.0
9.5846	541.18285444	1.0
9.5949	541.240937466	0.0
9.6051	541.298265511	0.0
9.6154	541.355963295	2.0
9.6256	541.412911104	1.0
9.6358	541.469670664	0.0
9.6461	541.526796297	0.0
9.6563	541.583179392	0.0
9.6666	541.639926132	0.0
9.6768	541.695935259	1.0
9.687	541.75175924	1.0
9.6973	541.807943259	2.0
9.7075	541.863396981	1.0
9.7178	541.919208353	1.0
9.728	541.97429427	0.0
9.7382	542.029198093	0.0
9.7485	542.084456021	2.0
9.7587	542.138995687	3.0
9.769	542.19388711	0.0
9.7792	542.248065035	0.0
9.7894	542.302063868	2.0
9.7997	542.356410968	1.0
9.8099	542.410051646	1.0
9.8202	542.464038282	1.0
9.8304	542.517323182	1.0
9.8406	542.570431941	0.0
9.8509	542.623883227	2.0
9.8611	542.676639736	0.0
9.8714	542.7297365	1.0
9.8816	542.782143094	1.0
9.8918	542.834376451	2.0
9.9021	542.886946689	1.0
9.9123	542.938833601	0.0
9.9226	542.991055161	0.0
9.9328	543.042597927	1.0
9.943	543.093970311	1.0
9.9533	543.145674023	0.0
9.9635	543.196705674	1.0
9.9738	543.248066454	1.0
9.984	543.298759631	0.0
9.9942	543.349285234	0.0
10.0045	543.400136704	0.0
10.0147	543.450327189	0.0
10.025	543.50084138	0.0
10.0352	543.550698971	0.0
10.0454	543.600391751	2.0
10.0557	543.650405025	1.0
10.0659	543.699768211	0.0
10.0762	543.749449767	2.0
10.0864	543.798485546	1.0
10.0966	543.847359229	1.0
10.1069	543.896548125	0.0
10.1171	543.945097648	0.0
10.1274	543.993960292	2.0
10.1376	544.042187804	1.0
10.1478	544.090255893	1.0
10.1581	544.138633999	1.0
10.1683	544.18638327	3.0
10.1786	544.234440502	1.0
10.1888	544.281873071	1.0
10.199	544.329148844	1.0
10.2093	544.376729524	2.0
10.2195	544.423691734	0.0
10.2298	544.470956829	0.0
10.24	544.517607558	1.0
10.2502	544.564104075	1.0
10.2605	544.610900473	1.0
10.2707	544.657088596	1.0
10.281	544.703574611	1.0
10.2912	544.749456386	0.0
10.3014	544.795186492	0.0
10.3117	544.841211536	0.0
10.3219	544.886638331	0.0
10.3322	544.932358108	2.0
10.3424	544.977483604	1.0
10.3526	545.022459932	0.0
10.3629	545.067726336	1.0
10.3731	545.112404352	0.0
10.3834	545.157370521	1.0
10.3936	545.201752205	0.0
10.4038	545.245987179	0.0
10.4141	545.290507447	0.0
10.4243	545.334449027	2.0
10.4346	545.37867401	0.0
10.4448	545.422324142	1.0
10.455	545.465829982	0.0
10.4653	545.509616414	2.0
10.4755	545.552833696	0.0
10.4858	545.59632971	0.0
10.496	545.639260348	1.0
10.5062	545.682049072	0.0
10.5165	545.725113764	0.0
10.5267	545.767618687	1.0
10.537	545.810397747	1.0
10.5472	545.852620751	2.0
10.5574	545.894704181	0.0
10.5677	545.937059029	0.0
10.5779	545.978863335	2.0
10.5882	546.020937259	1.0
10.5984	546.062464293	0.0
10.6086	546.103854053	1.0
10.6189	546.145510758	1.0
10.6291	546.186625995	0.0
10.6394	546.228006407	0.0
10.6496	546.268848942	1.0
10.6598	546.309556466	1.0
10.6701	546.350526535	0.0
10.6803	546.390964062	2.0
10.6906	546.431662392	0.0
10.7008	546.471831712	0.0
10.711	546.511868246	0.0
10.7213	546.552162998	1.0
10.7315	546.591933985	1.0
10.7418	546.631961476	0.0
10.752	546.671468677	2.0
10.7622	546.710845281	0.0
10.7725	546.750475846	2.0
10.7827	546.78959128	1.0
10.793	546.82895899	1.0
10.8032	546.867814986	1.0
10.8134	546.906542538	0.0
10.8237	546.945519865	2.0
10.8339	546.983990551	0.0
10.8442	547.022709356	1.0
10.8544	547.060924881	0.0
10.8646	547.099014078	3.0
10.8749	547.137348934	0.0
10.8851	547.1751855	2.0
10.8954	547.213266095	0.0
10.9056	547.250851706	1.0
10.9158	547.288313072	1.0
10.9261	547.326016047	1.0
10.9363	547.363228946	1.0
10.9466	547.40068185	1.0
10.9568	547.43764793	1.0
10.967	547.474491813	0.0
10.9773	547.511573322	1.0
10.9875	547.548172833	1.0
10.9978	547.585008395	0.0
11.008	547.621365155	0.0
11.0182	547.657601733	0.0
11.0285	547.69407202	2.0
11.0387	547.730068255	1.0
11.049	547.766296648	0.0
11.0592	547.802054133	1.0
11.0694	547.837693416	3.0
11.0797	547.873562556	0.0
11.0899	547.908965458	0.0
11.1002	547.944596691	0.0
11.1104	547.979764778	0.0
11.1206	548.014816612	0.0
11.1309	548.050094514	0.0
11.1411	548.084913862	0.0
11.1514	548.119957779	1.0
11.1616	548.154546184	0.0
11.1718	548.189020252	0.0
11.1821	548.223716661	0.0
11.1923	548.257962075	2.0
11.2026	548.292428356	1.0
11.2128	548.326446633	0.0
11.223	548.360352458	0.0
11.2333	548.394476959	2.0
11.2435	548.428157899	0.0
11.2538	548.462056066	0.0
11.264	548.495513613	2.0
11.2742	548.528860561	1.0
11.2845	548.562422582	2.0
11.2947	548.595548353	0.0
11.305	548.628887769	2.0
11.3152	548.661793829	2.0
11.3254	548.694591113	1.0
11.3357	548.727599924	0.0
11.3459	548.760179676	1.0
11.3562	548.792969552	2.0
11.3664	548.825333215	1.0
11.3766	548.857589894	0.0
11.3869	548.890054615	2.0
11.3971	548.922097348	0.0
11.4074	548.954346742	2.0
11.4176	548.986176948	1.0
11.4278	549.017901935	1.0
11.4381	549.049831533	2.0
11.4483	549.0813461	2.0
11.4586	549.113063921	0.0
11.4688	549.144369463	2.0
11.479	549.17557152	2.0
11.4893	549.206974816	1.0
11.4995	549.237969922	1.0
11.5098	549.269164932	0.0
11.52	549.299954459	0.0
11.5302	549.330642207	2.0
11.5405	549.361527876	1.0
11.5507	549.392012083	1.0
11.561	549.4226929	0.0
11.5712	549.452974917	0.0
11.5814	549.483156832	1.0
11.5917	549.513533407	2.0
11.6019	549.543515137	1.0
11.6122	549.573690236	2.0
11.6224	549.603473108	0.0
11.6326	549.633157529	3.0
11.6429	549.663033401	0.0
11.6531	549.692520936	0.0
11.6634	549.722198652	1.0
11.6736	549.751490608	3.0
11.6838	549.780685735	0.0
11.6941	549.810069157	0.0
11.7043	549.839070643	0.0
11.7146	549.868259176	1.0
11.7248	549.897068306	1.0
11.735	549.925782204	2.0
11.7453	549.954681293	1.0
11.7555	549.983204742	3.0
11.7658	550.011912154	0.0
11.776	550.040246418	1.0
11.7862	550.068487019	0.0
11.7965	550.096909759	0.0
11.8067	550.12496305	0.0
11.817	550.153197273	0.0
11.8272	550.181064497	3.0
11.8374	550.208839603	0.0
11.8477	550.236793845	2.0
11.8579	550.264384728	0.0
11.8682	550.29215356	1.0
11.8784	550.319561444	1.0
11.8886	550.346878727	0.0
11.8989	550.374372193	1.0
11.9091	550.401508291	1.0
11.9194	550.428819404	0.0
11.9296	550.455775518	0.0
11.9398	550.482642525	0.0
11.9501	550.509682811	1.0
11.9603	550.536371619	1.0
11.9706	550.563232557	1.0
11.9808	550.589744349	1.0
11.991	550.616168501	1.0
12.0013	550.642763077	1.0
12.0115	550.669011968	4.0
12.0218	550.695430152	0.0
12.032	550.721504944	0.0
12.0422	550.747493542	0.0
12.0525	550.773649755	1.0
12.0627	550.79946598	2.0
12.073	550.825448708	0.0
12.0832	550.851093704	1.0
12.0934	550.876653927	0.0
12.1037	550.902379001	0.0
12.1139	550.927769692	2.0
12.1242	550.953324142	1.0
[END DATA]
