TL-DOS Lehrstuhlversuch
detector=R1408203
job_number=2015-11-03-008
irradiation_dose [mSv]=0.1

[BEGIN DATA]
time [sec] 	 temperature [K] 	 photoncount 
0.0	216.878119014	0.0
0.0102	217.926313636	0.0
0.0205	218.981742803	0.0
0.0307	220.023921387	0.0
0.041	221.073292993	1.0
0.0512	222.109490066	1.0
0.0614	223.142723777	0.0
0.0717	224.183088773	1.0
0.0819	225.210392312	1.0
0.0922	226.244786207	0.0
0.1024	227.26619361	0.0
0.1126	228.284679946	0.0
0.1229	229.310195783	3.0
0.1331	230.322836589	0.0
0.1434	231.342466551	1.0
0.1536	232.349295377	1.0
0.1638	233.353244828	2.0
0.1741	234.364123448	2.0
0.1843	235.362310803	0.0
0.1946	236.367387557	0.0
0.2048	237.359845887	2.0
0.215	238.349465939	2.0
0.2253	239.34591626	1.0
0.2355	240.329856458	1.0
0.2458	241.320587723	1.0
0.256	242.298880666	0.0
0.2662	243.274375843	0.0
0.2765	244.2566038	0.0
0.2867	245.226500192	0.0
0.297	246.203090721	0.0
0.3072	247.167420461	0.0
0.3174	248.128992368	0.0
0.3277	249.097200956	0.0
0.3379	250.053253989	0.0
0.3482	251.015905614	0.0
0.3584	251.966471448	0.0
0.3686	252.914318811	1.0
0.3789	253.868708131	0.0
0.3891	254.811115392	0.0
0.3994	255.760027062	0.0
0.4096	256.697025443	0.0
0.4198	257.631344154	0.0
0.4301	258.572111448	0.0
0.4403	259.501067703	0.0
0.4506	260.43643553	1.0
0.4608	261.360060106	0.0
0.471	262.281043259	0.0
0.4813	263.208382955	0.0
0.4915	264.124080191	0.0
0.5018	265.046097486	0.0
0.512	265.956539142	0.0
0.5222	266.864377077	0.0
0.5325	267.778480826	0.0
0.5427	268.681108289	0.0
0.553	269.589965605	0.0
0.5632	270.487412502	0.0
0.5734	271.382292839	0.0
0.5837	272.28334956	0.0
0.5939	273.173093795	0.0
0.6042	274.068978964	0.0
0.6144	274.953616576	0.0
0.6246	275.835724261	0.0
0.6349	276.723920173	0.0
0.6451	277.600965063	0.0
0.6554	278.484063238	0.0
0.6656	279.356074392	0.0
0.6758	280.225591728	0.0
0.6861	281.101110395	0.0
0.6963	281.965637199	1.0
0.7066	282.836130888	0.0
0.7168	283.695695802	0.0
0.727	284.552802492	0.0
0.7373	285.415824856	0.0
0.7475	286.268012244	1.0
0.7578	287.126081352	0.0
0.768	287.973377671	0.0
0.7782	288.818250853	0.0
0.7885	289.668955274	1.0
0.7987	290.508979367	1.0
0.809	291.35480123	1.0
0.8192	292.190004065	0.0
0.8294	293.022818348	0.0
0.8397	293.86138064	4.0
0.8499	294.689415045	0.0
0.8602	295.523164469	0.0
0.8704	296.346446429	0.0
0.8806	297.167373931	0.0
0.8909	297.993967399	0.0
0.9011	298.810183246	0.0
0.9114	299.63203254	0.0
0.9216	300.443563773	0.0
0.9318	301.252774153	1.0
0.9421	302.06756963	0.0
0.9523	302.872135604	0.0
0.9626	303.68225462	0.0
0.9728	304.482202845	0.0
0.983	305.279863341	0.0
0.9933	306.083029219	0.0
1.0035	306.8761116	0.0
1.0138	307.674667764	0.0
1.024	308.463198305	0.0
1.0342	309.249473771	0.0
1.0445	310.041176038	0.0
1.0547	310.822938732	1.0
1.065	311.610097081	0.0
1.0752	312.387372903	0.0
1.0854	313.162425837	1.0
1.0957	313.942828115	0.0
1.1059	314.713432688	0.0
1.1162	315.489355903	1.0
1.1264	316.255537645	0.0
1.1366	317.019528226	1.0
1.1469	317.788791801	1.0
1.1571	318.548397512	0.0
1.1674	319.313245953	0.0
1.1776	320.068491961	0.0
1.1878	320.821578083	0.0
1.1981	321.579861936	1.0
1.2083	322.328625774	0.0
1.2186	323.082557511	1.0
1.2288	323.827023872	0.0
1.239	324.569361173	0.0
1.2493	325.31682202	0.0
1.2595	326.054898729	0.0
1.2698	326.798069578	0.0
1.28	327.531910148	0.0
1.2902	328.263652049	0.0
1.3005	329.000444365	2.0
1.3107	329.727986485	1.0
1.321	330.460550034	0.0
1.3312	331.183916478	0.0
1.3414	331.905214205	1.0
1.3517	332.631490264	0.0
1.3619	333.348648154	0.0
1.3722	334.070755803	0.0
1.3824	334.783797616	0.0
1.3926	335.49480024	0.0
1.4029	336.21071014	0.0
1.4131	336.917632015	1.0
1.4234	337.629433001	0.0
1.4336	338.332297548	0.0
1.4438	339.033152011	0.0
1.4541	339.738843709	0.0
1.4643	340.435675668	0.0
1.4746	341.137317098	3.0
1.4848	341.830149639	0.0
1.495	342.521000787	1.0
1.5053	343.216620126	0.0
1.5155	343.903506183	0.0
1.5258	344.595133065	0.0
1.536	345.278076788	0.0
1.5462	345.959067397	0.0
1.5565	346.644758142	0.0
1.5667	347.321840254	1.0
1.577	348.003595526	0.0
1.5872	348.676791573	0.0
1.5974	349.348062384	1.0
1.6077	350.023966245	0.0
1.6179	350.691384345	1.0
1.6282	351.363408904	1.0
1.6384	352.026996405	2.0
1.6486	352.688686149	1.0
1.6589	353.354942815	1.0
1.6691	354.012834837	2.0
1.6794	354.675267571	0.0
1.6896	355.329383668	2.0
1.6998	355.981629095	1.0
1.7101	356.638376261	0.0
1.7203	357.286878172	1.0
1.7306	357.939855984	1.0
1.7408	358.584635864	0.0
1.751	359.227571773	1.0
1.7613	359.874945168	0.0
1.7715	360.514190992	2.0
1.7818	361.157848833	1.0
1.792	361.793425751	2.0
1.8022	362.427185018	3.0
1.8125	363.065318434	3.0
1.8227	363.695440284	2.0
1.833	364.329911178	2.0
1.8432	364.956416489	2.0
1.8534	365.581130092	1.0
1.8637	366.210155411	5.0
1.8739	366.831283514	2.0
1.8842	367.456698587	3.0
1.8944	368.07426177	1.0
1.9046	368.690058817	5.0
1.9149	369.31010604	2.0
1.9251	369.922368764	4.0
1.9354	370.53885727	1.0
1.9456	371.147605955	6.0
1.9558	371.754613714	2.0
1.9661	372.365810985	5.0
1.9763	372.969334866	6.0
1.9866	373.577024214	3.0
1.9968	374.177084212	2.0
2.007	374.775428131	2.0
2.0173	375.377901766	4.0
2.0275	375.972811533	3.0
2.0378	376.571827314	4.0
2.048	377.163322639	3.0
2.0582	377.753126378	6.0
2.0685	378.34700089	4.0
2.0787	378.933419493	4.0
2.089	379.523885504	3.0
2.0992	380.106938399	9.0
2.1094	380.688323853	7.0
2.1197	381.273721977	4.0
2.1299	381.85177061	6.0
2.1402	382.433808883	6.0
2.1504	383.008539847	6.0
2.1606	383.58162717	8.0
2.1709	384.15866989	7.0
2.1811	384.728468019	6.0
2.1914	385.302198842	10.0
2.2016	385.868726655	7.0
2.2118	386.433634286	10.0
2.2221	387.002440859	11.0
2.2323	387.564106243	6.0
2.2426	388.12964819	11.0
2.2528	388.688089935	11.0
2.263	389.244934624	5.0
2.2733	389.805622604	6.0
2.2835	390.359271321	11.0
2.2938	390.916741272	11.0
2.304	391.467212363	12.0
2.3142	392.016109191	15.0
2.3245	392.568794455	13.0
2.3347	393.114540929	15.0
2.345	393.664054095	6.0
2.3552	394.206668296	14.0
2.3654	394.747730704	17.0
2.3757	395.292527476	10.0
2.3859	395.830484495	16.0
2.3962	396.372154444	17.0
2.4064	396.907023897	10.0
2.4166	397.440363706	15.0
2.4269	397.977384577	17.0
2.4371	398.50766332	6.0
2.4474	399.041601999	20.0
2.4576	399.568837245	12.0
2.4678	400.094564679	13.0
2.4781	400.623920637	9.0
2.4883	401.146630696	14.0
2.4986	401.672948453	11.0
2.5088	402.192658455	14.0
2.519	402.710882167	19.0
2.5293	403.232682611	27.0
2.5395	403.747932015	20.0
2.5498	404.266737623	14.0
2.56	404.77902979	23.0
2.5702	405.28985688	15.0
2.5805	405.804209652	10.0
2.5907	406.312104886	20.0
2.601	406.823505567	13.0
2.6112	407.328485773	19.0
2.6214	407.832021813	14.0
2.6317	408.339033213	19.0
2.6419	408.839679244	9.0
2.6522	409.343780689	15.0
2.6624	409.841553297	10.0
2.6726	410.337902353	18.0
2.6829	410.837677166	15.0
2.6931	411.331177461	12.0
2.7034	411.828083852	19.0
2.7136	412.318751738	6.0
2.7238	412.808016389	15.0
2.7341	413.300657901	13.0
2.7443	413.787114453	10.0
2.7546	414.276928484	13.0
2.7648	414.760593054	11.0
2.775	415.242874417	7.0
2.7853	415.728484443	8.0
2.7955	416.207997786	11.0
2.8058	416.690820688	11.0
2.816	417.167581899	12.0
2.8262	417.642979647	14.0
2.8365	418.121658546	11.0
2.8467	418.594327783	8.0
2.857	419.070259339	16.0
2.8672	419.540215723	8.0
2.8774	420.008828106	19.0
2.8877	420.480674808	8.0
2.8979	420.946597622	7.0
2.9082	421.415736194	11.0
2.9184	421.878984878	8.0
2.9286	422.340908742	6.0
2.9389	422.806020763	13.0
2.9491	423.265293448	10.0
2.9594	423.727735991	7.0
2.9696	424.184372713	14.0
2.9798	424.639703525	10.0
2.9901	425.098176988	10.0
3.0003	425.550894461	15.0
3.0106	426.006736549	10.0
3.0208	426.456855682	11.0
3.031	426.905687544	8.0
3.0413	427.357617202	6.0
3.0515	427.803873026	11.0
3.0618	428.253208866	7.0
3.072	428.696903436	17.0
3.0822	429.139329108	16.0
3.0925	429.584808362	7.0
3.1027	430.024694763	18.0
3.113	430.467617221	16.0
3.1232	430.904978925	3.0
3.1334	431.341089843	14.0
3.1437	431.780210758	11.0
3.1539	432.213818648	17.0
3.1642	432.650419261	21.0
3.1744	433.081538489	21.0
3.1846	433.511424783	15.0
3.1949	433.944278114	10.0
3.2051	434.371697106	15.0
3.2154	434.802066105	13.0
3.2256	435.227031957	19.0
3.2358	435.650782471	14.0
3.2461	436.077457674	21.0
3.2563	436.498776103	14.0
3.2666	436.923002433	11.0
3.2768	437.341902734	23.0
3.287	437.759605046	17.0
3.2973	438.180190301	23.0
3.3075	438.59549524	19.0
3.3178	439.013666576	14.0
3.328	439.426587901	13.0
3.3382	439.838328336	22.0
3.3485	440.252910565	11.0
3.3587	440.662287845	15.0
3.369	441.074490609	9.0
3.3792	441.481518297	19.0
3.3894	441.887381949	17.0
3.3997	442.296046834	16.0
3.4099	442.69958106	13.0
3.4202	443.105900443	15.0
3.4304	443.507118613	20.0
3.4406	443.907189361	16.0
3.4509	444.310021361	19.0
3.4611	444.707795931	20.0
3.4714	445.108315905	22.0
3.4816	445.503807477	19.0
3.4918	445.898168004	6.0
3.5021	446.295250371	18.0
3.5123	446.687347494	28.0
3.5226	447.082150835	14.0
3.5328	447.471997544	15.0
3.543	447.860729352	13.0
3.5533	448.252144151	11.0
3.5635	448.63864486	15.0
3.5738	449.027813162	12.0
3.584	449.412095578	14.0
3.5942	449.795279006	16.0
3.6045	450.18110713	21.0
3.6147	450.562091304	16.0
3.625	450.945704996	19.0
3.6352	451.324502538	14.0
3.6454	451.702216777	19.0
3.6557	452.082537966	13.0
3.6659	452.458084341	14.0
3.6762	452.836222704	14.0
3.6864	453.209613658	20.0
3.6966	453.581936771	15.0
3.7069	453.956829625	18.0
3.7171	454.327015816	15.0
3.7274	454.699756999	16.0
3.7376	455.067818533	9.0
3.7478	455.434827468	14.0
3.7581	455.804369465	18.0
3.7683	456.169271978	11.0
3.7786	456.536693016	12.0
3.7888	456.899501197	17.0
3.799	457.261271803	14.0
3.8093	457.625539317	15.0
3.8195	457.985233566	18.0
3.8298	458.347410392	13.0
3.84	458.705040202	11.0
3.8502	459.061647246	22.0
3.8605	459.420715559	9.0
3.8707	459.775275882	13.0
3.881	460.132283348	9.0
3.8912	460.484808697	15.0
3.9014	460.836325878	6.0
3.9117	461.190269199	8.0
3.9219	461.539768873	9.0
3.9322	461.891680761	10.0
3.9424	462.239174506	12.0
3.9526	462.585674472	10.0
3.9629	462.93456595	13.0
3.9731	463.279077204	8.0
3.9834	463.625966244	8.0
3.9936	463.968500201	11.0
4.0038	464.310054563	13.0
4.0141	464.653966303	16.0
4.0243	464.993560339	13.0
4.0346	465.335498222	11.0
4.0448	465.673143181	14.0
4.055	466.009822528	21.0
4.0653	466.348825606	9.0
4.0755	466.683572606	10.0
4.0858	467.02063	17.0
4.096	467.353455743	20.0
4.1062	467.685329657	15.0
4.1165	468.019494134	18.0
4.1267	468.34946328	10.0
4.137	468.681709844	13.0
4.1472	469.009785156	11.0
4.1574	469.336922224	17.0
4.1677	469.666317162	9.0
4.1779	469.991576649	10.0
4.1882	470.319081048	15.0
4.1984	470.642473732	15.0
4.2086	470.964941563	13.0
4.2189	471.289635038	17.0
4.2291	471.610252087	14.0
4.2394	471.933082007	13.0
4.2496	472.251858898	13.0
4.2598	472.569724136	8.0
4.2701	472.889783251	18.0
4.2803	473.205824124	24.0
4.2906	473.524046283	15.0
4.3008	473.838273262	12.0
4.311	474.151601601	12.0
4.3213	474.467092503	12.0
4.3315	474.778622516	11.0
4.3418	475.092302681	15.0
4.352	475.40204469	13.0
4.3622	475.710900884	7.0
4.3725	476.021888776	14.0
4.3827	476.328972312	18.0
4.393	476.638175311	16.0
4.4032	476.943496362	15.0
4.4134	477.247944243	14.0
4.4237	477.554493396	19.0
4.4339	477.85719392	12.0
4.4442	478.161983656	11.0
4.4544	478.462946852	12.0
4.4646	478.763049339	14.0
4.4749	479.065223107	10.0
4.4851	479.363603178	11.0
4.4954	479.664042641	13.0
4.5056	479.960710181	7.0
4.5158	480.256529297	14.0
4.5261	480.55439013	12.0
4.5363	480.848511413	10.0
4.5466	481.144662695	6.0
4.5568	481.437095891	10.0
4.567	481.728692772	12.0
4.5773	482.022302229	13.0
4.5875	482.312225511	10.0
4.5978	482.604149817	11.0
4.608	482.892409105	14.0
4.6182	483.179844016	10.0
4.6285	483.469262777	15.0
4.6387	483.755047976	9.0
4.649	484.042805638	8.0
4.6592	484.326950593	6.0
4.6694	484.610282937	7.0
4.6797	484.895570816	13.0
4.6899	485.177276994	7.0
4.7002	485.460927483	24.0
4.7104	485.741016829	12.0
4.7206	486.020305162	14.0
4.7309	486.301521119	15.0
4.7411	486.579206497	8.0
4.7514	486.858808434	9.0
4.7616	487.134900057	16.0
4.7718	487.4102021	14.0
4.7821	487.687404253	10.0
4.7923	487.96112622	8.0
4.8026	488.236737391	10.0
4.8128	488.50888835	12.0
4.823	488.780260999	10.0
4.8333	489.053506638	15.0
4.8435	489.323321763	8.0
4.8538	489.594999128	9.0
4.864	489.863265669	7.0
4.8742	490.130765009	6.0
4.8845	490.400110604	9.0
4.8947	490.666074651	13.0
4.905	490.933874357	11.0
4.9152	491.198311921	14.0
4.9254	491.461993235	8.0
4.9357	491.727494454	5.0
4.9459	491.989662388	12.0
4.9562	492.253639781	11.0
4.9664	492.514303021	13.0
4.9766	492.774220804	10.0
4.9869	493.035932516	7.0
4.9971	493.294358519	10.0
5.0074	493.554568156	16.0
5.0176	493.811510941	13.0
5.0278	494.067718911	14.0
5.0381	494.325695204	12.0
5.0483	494.580432686	9.0
5.0586	494.836928342	11.0
5.0688	495.090203776	8.0
5.079	495.342754882	7.0
5.0893	495.597049072	13.0
5.0995	495.848150679	7.0
5.1098	496.100985366	13.0
5.12	496.350645792	10.0
5.1302	496.599592228	13.0
5.1405	496.850256871	12.0
5.1507	497.097774496	9.0
5.161	497.347000467	11.0
5.1712	497.593097483	10.0
5.1814	497.8384907	6.0
5.1917	498.085577598	15.0
5.2019	498.329562398	7.0
5.2122	498.575231159	5.0
5.2224	498.817815625	11.0
5.2326	499.059706337	11.0
5.2429	499.303266558	8.0
5.2531	499.543768955	7.0
5.2634	499.785931279	7.0
5.2736	500.02505333	8.0
5.2838	500.26349153	13.0
5.2941	500.503575408	10.0
5.3043	500.740645108	10.0
5.3146	500.979351042	11.0
5.3248	501.215060097	6.0
5.335	501.450095061	7.0
5.3453	501.686752215	9.0
5.3555	501.920438213	12.0
5.3658	502.15573709	12.0
5.376	502.388081864	10.0
5.3862	502.619762167	16.0
5.3965	502.853041507	4.0
5.4067	503.083392097	4.0
5.417	503.315332547	10.0
5.4272	503.544361057	11.0
5.4374	503.77273458	11.0
5.4477	504.002684317	9.0
5.4579	504.229747108	8.0
5.4682	504.458377064	17.0
5.4784	504.684136644	8.0
5.4886	504.909250586	5.0
5.4989	505.135918244	7.0
5.5091	505.35974016	14.0
5.5194	505.585106875	15.0
5.5296	505.807644181	13.0
5.5398	506.029545066	6.0
5.5501	506.25297749	8.0
5.5603	506.473604789	5.0
5.5706	506.695754839	8.0
5.5808	506.915115864	11.0
5.591	507.13384955	6.0
5.6013	507.354092917	7.0
5.6115	507.571571197	9.0
5.6218	507.790550492	7.0
5.632	508.006780571	8.0
5.6422	508.222392266	6.0
5.6525	508.439492092	9.0
5.6627	508.653866299	5.0
5.673	508.869720096	7.0
5.6832	509.082863917	7.0
5.6934	509.29539818	9.0
5.7037	509.509399334	4.0
5.7139	509.720713772	10.0
5.7242	509.933486682	3.0
5.7344	510.143588295	4.0
5.7446	510.35308905	12.0
5.7549	510.56403576	6.0
5.7651	510.7723341	10.0
5.7754	510.982070096	4.0
5.7856	511.189172923	5.0
5.7958	511.395683468	6.0
5.8061	511.603619329	5.0
5.8163	511.808944621	9.0
5.8266	512.01568705	4.0
5.8368	512.219833892	3.0
5.847	512.423396906	2.0
5.8573	512.628364893	4.0
5.8675	512.830759571	4.0
5.8778	513.034551159	4.0
5.888	513.235784207	5.0
5.8982	513.43644176	5.0
5.9085	513.638484234	3.0
5.9187	513.837990127	5.0
5.929	514.038872992	0.0
5.9392	514.237233835	4.0
5.9494	514.435027397	4.0
5.9597	514.634186112	4.0
5.9699	514.830844452	1.0
5.9802	515.02886011	6.0
5.9904	515.224389743	3.0
6.0006	515.419360192	5.0
6.0109	515.615676309	4.0
6.0211	515.809527739	3.0
6.0314	516.004717114	5.0
6.0416	516.197455947	1.0
6.0518	516.389643577	6.0
6.0621	516.583157669	1.0
6.0723	516.774242252	1.0
6.0826	516.966645683	5.0
6.0928	517.15663355	5.0
6.103	517.34607808	4.0
6.1133	517.53683014	4.0
6.1235	517.725187367	2.0
6.1338	517.914844618	6.0
6.144	518.102120782	2.0
6.1542	518.288861366	4.0
6.1645	518.476890816	1.0
6.1747	518.662559615	3.0
6.185	518.849509883	2.0
6.1952	519.034113049	1.0
6.2054	519.218188279	1.0
6.2157	519.403533979	1.0
6.2259	519.586552722	2.0
6.2362	519.770834643	0.0
6.2464	519.952802963	3.0
6.2566	520.134250882	4.0
6.2669	520.316951138	0.0
6.2771	520.497357649	3.0
6.2874	520.679009309	0.0
6.2976	520.85838039	0.0
6.3078	521.037238497	2.0
6.3181	521.217331067	1.0
6.3283	521.395162631	1.0
6.3386	521.574221572	2.0
6.3488	521.751032485	1.0
6.359	521.927337745	0.0
6.3693	522.104859848	1.0
6.3795	522.280153217	2.0
6.3898	522.456656445	0.0
6.4	522.63094373	2.0
6.4102	522.804732581	1.0
6.4205	522.979720906	0.0
6.4307	523.152512307	0.0
6.441	523.3264963	1.0
6.4512	523.498295977	0.0
6.4614	523.669604335	0.0
6.4717	523.842095046	1.0
6.4819	524.012420191	1.0
6.4922	524.183920905	0.0
6.5024	524.353268481	3.0
6.5126	524.522131749	1.0
6.5229	524.692160496	1.0
6.5331	524.860054586	0.0
6.5434	525.029107465	1.0
6.5536	525.196037938	0.0
6.5638	525.362491016	1.0
6.5741	525.530092938	0.0
6.5843	525.69559067	0.0
6.5946	525.862230652	2.0
6.6048	526.026778522	0.0
6.615	526.190855811	0.0
6.6253	526.356065545	0.0
6.6355	526.519201124	0.0
6.6458	526.683462649	0.0
6.656	526.845661922	0.0
6.6662	527.007397331	0.0
6.6765	527.170249022	2.0
6.6867	527.331056162	0.0
6.697	527.492973178	0.0
6.7072	527.652857376	0.0
6.7174	527.812284331	0.0
6.7277	527.972811636	0.0
6.7379	528.13132357	0.0
6.7482	528.29092954	2.0
6.7584	528.448531707	0.0
6.7686	528.605683155	1.0
6.7789	528.763919249	0.0
6.7891	528.920168739	0.0
6.7994	529.077496648	0.0
6.8096	529.232849354	0.0
6.8198	529.387757776	0.0
6.8301	529.543735362	0.0
6.8403	529.697754698	1.0
6.8506	529.852837061	2.0
6.8608	530.005972414	2.0
6.871	530.158669823	2.0
6.8813	530.312421136	0.0
6.8915	530.46424215	2.0
6.9018	530.617111018	0.0
6.912	530.768060666	0.0
6.9222	530.918578621	1.0
6.9325	531.070135437	0.0
6.9427	531.219789505	0.0
6.953	531.370476472	1.0
6.9632	531.519271611	1.0
6.9734	531.667641218	0.0
6.9837	531.81703486	0.0
6.9939	531.964552911	0.0
7.0042	532.113089118	1.0
7.0144	532.2597605	0.0
7.0246	532.406012424	1.0
7.0349	532.553273766	0.0
7.0451	532.698686288	0.0
7.0554	532.845102433	2.0
7.0656	532.98968037	0.0
7.0758	533.133844837	0.0
7.0861	533.279004313	0.0
7.0963	533.422341358	1.0
7.1066	533.566667701	0.0
7.1168	533.709182073	0.0
7.127	533.851288876	0.0
7.1373	533.994376487	0.0
7.1475	534.135667678	0.0
7.1578	534.277934048	0.0
7.168	534.418414308	0.0
7.1782	534.558492816	1.0
7.1885	534.699538134	0.0
7.1987	534.838812672	0.0
7.209	534.979048469	0.0
7.2192	535.117523651	1.0
7.2294	535.255602815	0.0
7.2397	535.394634988	0.0
7.2499	535.531921656	1.0
7.2602	535.670155865	1.0
7.2704	535.806654586	1.0
7.2806	535.942762942	2.0
7.2909	536.079810705	0.0
7.3011	536.215137877	0.0
7.3114	536.351399065	2.0
7.3216	536.485949536	0.0
7.3318	536.620115213	0.0
7.3421	536.75520689	0.0
7.3523	536.888602533	0.0
7.3626	537.022918861	1.0
7.3728	537.155548889	2.0
7.383	537.287799616	1.0
7.3933	537.420963125	1.0
7.4035	537.552454809	0.0
7.4138	537.684854036	1.0
7.424	537.815591032	2.0
7.4342	537.94595414	1.0
7.4445	538.077217003	0.0
7.4547	538.206831902	1.0
7.465	538.337341391	3.0
7.4752	538.466212374	2.0
7.4854	538.594714806	1.0
7.4957	538.72410415	0.0
7.5059	538.851869052	1.0
7.5162	538.980515775	2.0
7.5264	539.107547379	1.0
7.5366	539.234215693	0.0
7.5469	539.361758259	1.0
7.5571	539.487699568	1.0
7.5674	539.614510113	2.0
7.5776	539.739728592	0.0
7.5878	539.864588965	1.0
7.5981	539.990311112	1.0
7.6083	540.114454858	0.0
7.6186	540.239455432	0.0
7.6288	540.362886664	0.0
7.639	540.485964901	0.0
7.6493	540.609892613	0.0
7.6595	540.732264451	0.0
7.6698	540.855480889	0.0
7.68	540.977150383	0.0
7.6902	541.098471921	1.0
7.7005	541.220630809	0.0
7.7107	541.34125603	0.0
7.721	541.462713796	0.0
7.7312	541.582646698	1.0
7.7414	541.70223661	0.0
7.7517	541.822651921	3.0
7.7619	541.941555455	0.0
7.7722	542.061279651	2.0
7.7824	542.179500747	3.0
7.7926	542.297383749	2.0
7.8029	542.416080369	0.0
7.8131	542.53328679	1.0
7.8234	542.651302158	1.0
7.8336	542.767835881	0.0
7.8438	542.884036336	0.0
7.8541	543.001038795	1.0
7.8643	543.116572325	0.0
7.8746	543.232903258	1.0
7.8848	543.347773691	0.0
7.895	543.462315613	0.0
7.9053	543.577648093	0.0
7.9155	543.69153261	2.0
7.9258	543.806203148	0.0
7.936	543.919434032	1.0
7.9462	544.032341094	1.0
7.9565	544.146027431	0.0
7.9667	544.258286471	1.0
7.977	544.371320312	0.0
7.9872	544.482935049	1.0
7.9974	544.594230585	0.0
8.0077	544.706294273	1.0
8.0179	544.816951037	1.0
8.0282	544.928371543	1.0
8.0384	545.0383932	1.0
8.0486	545.148100212	1.0
8.0589	545.258564411	1.0
8.0691	545.367641768	0.0
8.0794	545.477471966	0.0
8.0896	545.58592328	0.0
8.0998	545.694064441	0.0
8.1101	545.802951982	1.0
8.1203	545.910472474	1.0
8.1306	546.018735063	1.0
8.1408	546.125638448	0.0
8.151	546.232236107	0.0
8.1613	546.339569493	0.0
8.1715	546.445555342	0.0
8.1818	546.552272696	0.0
8.192	546.657650246	2.0
8.2022	546.762726434	0.0
8.2125	546.868527847	1.0
8.2227	546.973000957	0.0
8.233	547.078195131	0.0
8.2432	547.182068625	0.0
8.2534	547.285645057	1.0
8.2637	547.389936364	0.0
8.2739	547.492918326	0.0
8.2842	547.59661106	0.0
8.2944	547.699001965	0.0
8.3046	547.801100047	1.0
8.3149	547.903902801	0.0
8.3251	548.005414899	0.0
8.3354	548.107627624	1.0
8.3456	548.2085571	0.0
8.3558	548.309197934	0.0
8.3661	548.410533382	0.0
8.3763	548.510596594	0.0
8.3866	548.611350434	1.0
8.3968	548.710839341	1.0
8.407	548.810043725	1.0
8.4173	548.909932809	2.0
8.4275	549.008567816	0.0
8.4378	549.107883594	0.0
8.448	549.205952493	0.0
8.4582	549.30374093	0.0
8.4685	549.402204294	0.0
8.4787	549.499431481	0.0
8.489	549.597329722	1.0
8.4992	549.693998881	0.0
8.5094	549.79039158	2.0
8.5197	549.887449574	0.0
8.5299	549.983289035	1.0
8.5402	550.079789971	0.0
8.5504	550.175079368	0.0
8.5606	550.270096252	1.0
8.5709	550.365768934	0.0
8.5811	550.460240476	0.0
8.5914	550.555364051	0.0
8.6016	550.64929338	0.0
8.6118	550.742954086	0.0
8.6221	550.837261229	1.0
8.6323	550.930384375	0.0
8.6426	551.024150249	1.0
8.6528	551.116738922	0.0
8.663	551.209062806	0.0
8.6733	551.3020239	0.0
8.6835	551.393817897	1.0
8.6938	551.486245448	0.0
8.704	551.577512601	0.0
8.7142	551.668518743	1.0
8.7245	551.760153001	0.0
8.7347	551.85063682	0.0
8.745	551.94174515	0.0
8.7552	552.031709643	1.0
8.7654	552.121416852	1.0
8.7757	552.211743212	0.0
8.7859	552.300935552	1.0
8.7962	552.39074349	0.0
8.8064	552.479423918	0.0
8.8166	552.567850733	0.0
8.8269	552.656887863	0.0
8.8371	552.744807158	1.0
8.8474	552.833333265	0.0
8.8576	552.920747955	1.0
8.8678	553.007912651	1.0
8.8781	553.095678951	1.0
8.8883	553.182343372	0.0
8.8986	553.269605943	1.0
8.9088	553.35577296	0.0
8.919	553.441693553	1.0
8.9293	553.528207162	1.0
8.9395	553.613634619	0.0
8.9498	553.699651689	0.0
8.96	553.784588842	2.0
8.9702	553.869283087	3.0
8.9805	553.954561885	1.0
8.9907	554.038770034	0.0
9.001	554.12355938	0.0
9.0112	554.207284222	0.0
9.0214	554.290769624	0.0
9.0317	554.374831235	0.0
9.0419	554.457837479	0.0
9.0522	554.541416624	1.0
9.0624	554.623946459	0.0
9.0726	554.706240272	1.0
9.0829	554.789102069	0.0
9.0931	554.870923562	0.0
9.1034	554.95330978	1.0
9.1136	555.034661664	1.0
9.1238	555.115780895	1.0
9.1341	555.197460003	2.0
9.1443	555.278113656	0.0
9.1546	555.359323972	1.0
9.1648	555.439514719	0.0
9.175	555.519476133	1.0
9.1853	555.599989433	1.0
9.1955	555.679491913	0.0
9.2058	555.759543113	1.0
9.216	555.838589295	0.0
9.2262	555.917409417	0.0
9.2365	555.996773548	1.0
9.2467	556.075141288	1.0
9.257	556.154049915	0.0
9.2672	556.231967868	1.0
9.2774	556.309662988	0.0
9.2877	556.387894353	0.0
9.2979	556.465143548	0.0
9.3082	556.542925909	0.0
9.3184	556.619731737	0.0
9.3286	556.696317913	0.0
9.3389	556.773432679	0.0
9.3491	556.849579294	0.0
9.3594	556.926251466	0.0
9.3696	557.001961042	0.0
9.3798	557.077454101	0.0
9.3901	557.153468206	1.0
9.4003	557.228527978	0.0
9.4106	557.304105805	0.0
9.4208	557.378734777	1.0
9.431	557.453150321	1.0
9.4413	557.528079475	2.0
9.4515	557.602067916	1.0
9.4618	557.676567019	0.0
9.472	557.750130809	0.0
9.4822	557.823484218	1.0
9.4925	557.897343906	0.0
9.5027	557.970276309	0.0
9.513	558.043712084	0.0
9.5232	558.116225896	1.0
9.5334	558.18853233	0.0
9.5437	558.261337816	1.0
9.5539	558.333229252	0.0
9.5642	558.405616876	0.0
9.5744	558.477095697	0.0
9.5846	558.548370098	1.0
9.5949	558.62013643	0.0
9.6051	558.691001758	0.0
9.6154	558.762356191	0.0
9.6256	558.832814792	1.0
9.6358	558.903071893	0.0
9.6461	558.973813901	1.0
9.6563	559.043667766	2.0
9.6666	559.114003756	0.0
9.6768	559.183456699	0.0
9.687	559.252711018	0.0
9.6973	559.322443324	0.0
9.7075	559.391300162	0.0
9.7178	559.460632245	0.0
9.728	559.529093884	0.0
9.7382	559.597359734	0.0
9.7485	559.666096749	1.0
9.7587	559.733970792	0.0
9.769	559.802313295	0.0
9.7792	559.86979778	1.0
9.7894	559.937089269	1.0
9.7997	560.004845199	0.0
9.8099	560.071750473	1.0
9.8202	560.139117522	1.0
9.8304	560.205638799	0.0
9.8406	560.271969835	1.0
9.8509	560.338758682	0.0
9.8611	560.404709016	1.0
9.8714	560.471114533	0.0
9.8816	560.53668635	0.0
9.8918	560.602070641	1.0
9.9021	560.667906209	1.0
9.9123	560.732915232	2.0
9.9226	560.798372941	0.0
9.9328	560.863008849	0.0
9.943	560.927459909	0.0
9.9533	560.992355803	0.0
9.9635	561.056436951	0.0
9.9738	561.12096038	1.0
9.984	561.184673738	0.0
9.9942	561.248204886	0.0
10.0045	561.31217452	0.0
10.0147	561.375341035	2.0
10.025	561.43894352	0.0
10.0352	561.501747495	0.0
10.0454	561.564371861	2.0
10.0557	561.627428454	0.0
10.0659	561.689693392	1.0
10.0762	561.752388077	0.0
10.0864	561.814295649	0.0
10.0966	561.876026176	0.0
10.1069	561.938182761	0.0
10.1171	561.999558989	0.0
10.1274	562.061358831	0.0
10.1376	562.122382795	0.0
10.1478	562.18323224	0.0
10.1581	562.244501662	1.0
10.1683	562.305001866	1.0
10.1786	562.365919636	0.0
10.1888	562.426072604	2.0
10.199	562.486053543	2.0
10.2093	562.546448465	1.0
10.2195	562.606085147	1.0
10.2298	562.666133437	1.0
10.24	562.725427839	0.0
10.2502	562.784552669	0.0
10.2605	562.844085572	0.0
10.2707	562.902871059	0.0
10.281	562.962062277	0.0
10.2912	563.020510369	0.0
10.3014	563.078791308	2.0
10.3117	563.137474497	0.0
10.3219	563.195420936	0.0
10.3322	563.253767317	0.0
10.3424	563.311381177	0.0
10.3526	563.368830271	0.0
10.3629	563.426675873	0.0
10.3731	563.483795241	0.0
10.3834	563.541308842	0.0
10.3936	563.598100378	1.0
10.4038	563.654729499	1.0
10.4141	563.711749469	1.0
10.4243	563.768053571	0.0
10.4346	563.824746279	0.0
10.4448	563.880727228	0.0
10.455	563.93654808	1.0
10.4653	563.992754202	0.0
10.4755	564.048254674	0.0
10.4858	564.104138205	0.0
10.496	564.159320136	1.0
10.5062	564.214344255	0.0
10.5165	564.269748146	0.0
10.5267	564.324456458	0.0
10.537	564.379542362	0.0
10.5472	564.43393668	0.0
10.5574	564.488175438	1.0
10.5677	564.542788548	1.0
10.5779	564.596716007	1.0
10.5882	564.651015668	1.0
10.5984	564.704633614	0.0
10.6086	564.758098221	0.0
10.6189	564.811931836	1.0
10.6291	564.865089587	0.0
10.6394	564.918614228	0.0
10.6496	564.971466883	2.0
10.6598	565.024168389	0.0
10.6701	565.077233635	2.0
10.6803	565.129632663	1.0
10.6906	565.182393345	0.0
10.7008	565.234491634	0.0
10.711	565.286440929	2.0
10.7213	565.338748773	0.0
10.7315	565.390399909	0.0
10.7418	565.442407536	0.0
10.752	565.493762224	2.0
10.7622	565.544970045	0.0
10.7725	565.596531298	0.0
10.7827	565.647445216	0.0
10.793	565.698710537	0.0
10.8032	565.749332238	0.0
10.8134	565.799809168	0.0
10.8237	565.850634486	2.0
10.8339	565.900821708	1.0
10.8442	565.951355318	0.0
10.8544	566.001254494	2.0
10.8646	566.051010966	0.0
10.8749	566.101110852	0.0
10.8851	566.15058175	0.0
10.8954	566.200394092	1.0
10.9056	566.249581056	1.0
10.9158	566.298627352	0.0
10.9261	566.348012162	0.0
10.9363	566.39677696	1.0
10.9466	566.445878329	1.0
10.9568	566.494363246	0.0
10.967	566.542709503	0.0
10.9773	566.591389442	1.0
10.9875	566.639458219	0.0
10.9978	566.687858763	0.0
11.008	566.735651653	0.0
11.0182	566.783307863	1.0
11.0285	566.831292991	0.0
11.0387	566.878675681	0.0
11.049	566.926385403	0.0
11.0592	566.973496143	0.0
11.0694	567.020472155	0.0
11.0797	567.06777239	0.0
11.0899	567.114478786	0.0
11.1002	567.161507545	1.0
11.1104	567.207945873	0.0
11.1206	567.254251394	0.0
11.1309	567.300876512	0.0
11.1411	567.346916266	0.0
11.1514	567.393273782	0.0
11.1616	567.439049294	0.0
11.1718	567.484693896	0.0
11.1821	567.530653532	2.0
11.1923	567.576036159	0.0
11.2026	567.621732013	1.0
11.2128	567.66685417	0.0
11.223	567.711847285	0.0
11.2333	567.757150938	0.0
11.2435	567.801885818	0.0
11.2538	567.846929454	0.0
11.264	567.891407581	0.0
11.2742	567.935758507	1.0
11.2845	567.98041554	0.0
11.2947	568.024511918	0.0
11.305	568.068912644	1.0
11.3152	568.112755934	1.0
11.3254	568.156473839	0.0
11.3357	568.20049348	1.0
11.3459	568.243960469	1.0
11.3562	568.287727463	1.0
11.3664	568.330944976	1.0
11.3766	568.374038893	0.0
11.3869	568.417430241	0.0
11.3971	568.460276825	0.0
11.4074	568.503419131	2.0
11.4176	568.546019799	0.0
11.4278	568.588498636	0.0
11.4381	568.631270658	3.0
11.4483	568.673505691	1.0
11.4586	568.716032226	0.0
11.4688	568.758024853	0.0
11.479	568.799897389	0.0
11.4893	568.842058924	0.0
11.4995	568.883691135	0.0
11.5098	568.925610688	1.0
11.52	568.967003954	1.0
11.5302	569.008278841	0.0
11.5405	569.049838604	0.0
11.5507	569.090876597	0.0
11.561	569.132197831	1.0
11.5712	569.173000289	0.0
11.5814	569.213686059	0.0
11.5917	569.254652638	2.0
11.6019	569.295104895	1.0
11.6122	569.335836349	0.0
11.6224	569.376056433	0.0
11.6326	569.416161493	2.0
11.6429	569.456543355	0.0
11.6531	569.496418236	0.0
11.6634	569.536568329	1.0
11.6736	569.576214351	0.0
11.6838	569.61574699	0.0
11.6941	569.655552481	0.0
11.7043	569.694858226	0.0
11.7146	569.734435256	1.0
11.7248	569.773515409	1.0
11.735	569.812483798	0.0
11.7453	569.851721144	1.0
11.7555	569.890465877	0.0
11.7658	569.929478022	2.0
11.776	569.968000383	1.0
11.7862	570.006412575	0.0
11.7965	570.045089885	0.0
11.8067	570.083281614	1.0
11.817	570.121736938	2.0
11.8272	570.159709468	0.0
11.8374	570.197573402	0.0
11.8477	570.235698669	1.0
11.8579	570.273345286	0.0
11.8682	570.311251737	1.0
11.8784	570.348682283	1.0
11.8886	570.386005784	0.0
11.8989	570.423586889	0.0
11.9091	570.460696174	1.0
11.9194	570.498061585	1.0
11.9296	570.534957884	0.0
11.9398	570.571748666	1.0
11.9501	570.608793374	0.0
11.9603	570.645372998	0.0
11.9706	570.682205091	0.0
11.9808	570.718574768	0.0
11.991	570.754840434	0.0
12.0013	570.791356403	1.0
12.0115	570.827413924	0.0
12.0218	570.863720312	0.0
12.032	570.899570884	0.0
12.0422	570.935318929	0.0
12.0525	570.971313703	1.0
12.0627	571.006856575	2.0
12.073	571.04264476	1.0
12.0832	571.077983636	0.0
12.0934	571.113221448	0.0
12.1037	571.148702468	0.0
12.1139	571.183738036	1.0
12.1242	571.219015415	0.0
[END DATA]
