TL-DOS Lehrstuhlversuch
detector=R1406804
job_number=2015-11-05-008
irradiation_dose [mSv]=0.07

[BEGIN DATA]
time [sec] 	 temperature [K] 	 photoncount 
0.0	192.159051832	0.0
0.0102	193.528419416	0.0
0.0205	194.906153421	1.0
0.0307	196.265520029	2.0
0.041	197.633191956	0.0
0.0512	198.98263063	1.0
0.0614	200.327156597	0.0
0.0717	201.679897212	0.0
0.0819	203.014603632	0.0
0.0922	204.357464704	1.0
0.1024	205.682423291	0.0
0.1126	207.002558293	0.0
0.1229	208.330758921	1.0
0.1331	209.641252511	2.0
0.1434	210.959752821	0.0
0.1536	212.260675414	2.0
0.1638	213.556861925	1.0
0.1741	214.860967745	3.0
0.1843	216.147687749	0.0
0.1946	217.442269224	1.0
0.2048	218.719591857	0.0
0.215	219.992264327	0.0
0.2253	221.272712441	0.0
0.2355	222.536090134	0.0
0.2458	223.807186683	0.0
0.256	225.061337482	0.0
0.2662	226.310922477	0.0
0.2765	227.568142058	0.0
0.2867	228.808600892	0.0
0.297	230.056638554	0.0
0.3072	231.288037879	0.0
0.3174	232.514954227	0.0
0.3277	233.749366662	1.0
0.3379	234.967322406	0.0
0.3482	236.192719492	0.0
0.3584	237.401780075	0.0
0.3686	238.606439007	0.0
0.3789	239.81845804	0.0
0.3891	241.014318922	0.0
0.3994	242.217486152	0.0
0.4096	243.404613239	0.0
0.4198	244.587418525	0.0
0.4301	245.777450393	0.0
0.4403	246.951617234	0.0
0.4506	248.132957879	0.0
0.4608	249.298549365	0.0
0.471	250.45989745	0.0
0.4813	251.628341021	0.0
0.4915	252.781207372	0.0
0.5018	253.941117387	0.0
0.512	255.085563947	1.0
0.5222	256.225844086	1.0
0.5325	257.373090992	0.0
0.5427	258.505043263	0.0
0.553	259.643911419	0.0
0.5632	260.767596643	1.0
0.5734	261.887191028	1.0
0.5837	263.013625796	0.0
0.5939	264.125043388	1.0
0.6042	265.243251406	0.0
0.6144	266.346551923	0.0
0.6246	267.445835813	0.0
0.6349	268.551835995	0.0
0.6451	269.643091427	0.0
0.6554	270.7410141	0.0
0.6656	271.824299707	0.0
0.6758	272.903641554	0.0
0.6861	273.989577853	1.0
0.6963	275.061036886	0.0
0.7066	276.139042208	0.0
0.7168	277.202675997	0.0
0.727	278.262437567	0.0
0.7373	279.328673961	1.0
0.7475	280.380695719	1.0
0.7578	281.439145011	0.0
0.768	282.483483483	1.0
0.7782	283.524019982	0.0
0.7885	284.570913845	0.0
0.7987	285.603850939	0.0
0.809	286.643098966	0.0
0.8192	287.668492155	0.0
0.8294	288.690152344	1.0
0.8397	289.718054568	1.0
0.8499	290.732253211	0.0
0.8602	291.752648302	0.0
0.8704	292.759439895	0.0
0.8806	293.762566207	0.0
0.8909	294.771821318	0.0
0.9011	295.767621444	0.0
0.9114	296.769505609	0.0
0.9216	297.758033055	0.0
0.9318	298.742961713	0.0
0.9421	299.733907987	0.0
0.9523	300.711643363	0.0
0.9626	301.695352406	0.0
0.9728	302.665947035	0.0
0.983	303.633008161	1.0
0.9933	304.605977738	0.0
1.0035	305.565976074	0.0
1.0138	306.531839711	0.0
1.024	307.484826841	0.0
1.0342	308.434344568	0.0
1.0445	309.389663562	0.0
1.0547	310.332246626	0.0
1.065	311.280588588	0.0
1.0752	312.216287635	0.0
1.0854	313.148580218	0.0
1.0957	314.086568827	0.0
1.1059	315.012052548	1.0
1.1162	315.943190695	0.0
1.1264	316.861915282	0.0
1.1366	317.777295201	0.0
1.1469	318.698267814	0.0
1.1571	319.60696239	0.0
1.1674	320.521208816	0.0
1.1776	321.423266874	0.0
1.1878	322.322040941	0.0
1.1981	323.226306245	1.0
1.2083	324.118516247	0.0
1.2186	325.016177383	0.0
1.2288	325.90187126	0.0
1.239	326.78434072	0.0
1.2493	327.672201801	1.0
1.2595	328.548226275	0.0
1.2698	329.429602993	0.0
1.28	330.29922955	0.0
1.2902	331.165690184	0.0
1.3005	332.037444631	0.0
1.3107	332.897577197	0.0
1.321	333.762964913	0.0
1.3312	334.616815627	0.0
1.3414	335.46755785	1.0
1.3517	336.323497851	0.0
1.3619	337.168026804	1.0
1.3722	338.017715573	0.0
1.3824	338.856076632	0.0
1.3926	339.691385591	2.0
1.4029	340.531798036	1.0
1.4131	341.361006439	1.0
1.4234	342.195281054	0.0
1.4336	343.018433456	2.0
1.4438	343.838589125	2.0
1.4541	344.663755698	0.0
1.4643	345.477921481	0.0
1.4746	346.29706157	0.0
1.4848	347.105281213	0.0
1.495	347.910558487	1.0
1.5053	348.720755762	1.0
1.5155	349.520151812	1.0
1.5258	350.32443193	1.0
1.536	351.117989709	1.0
1.5462	351.908658496	0.0
1.5565	352.704158031	2.0
1.5667	353.489052285	0.0
1.577	354.278742005	0.0
1.5872	355.057903899	1.0
1.5974	355.834229211	0.0
1.6077	356.615297636	0.0
1.6179	357.385953171	2.0
1.6282	358.161317177	0.0
1.6384	358.926344342	2.0
1.6486	359.688586383	0.0
1.6589	360.455485492	2.0
1.6691	361.21216061	0.0
1.6794	361.973458784	0.0
1.6896	362.724607637	0.0
1.6998	363.47302189	4.0
1.7101	364.226008729	4.0
1.7203	364.968957049	0.0
1.7306	365.716444558	1.0
1.7408	366.453966864	3.0
1.751	367.188804179	0.0
1.7613	367.928131128	2.0
1.7715	368.657601667	1.0
1.7818	369.39152905	3.0
1.792	370.115672008	2.0
1.8022	370.837178683	1.0
1.8125	371.563093546	1.0
1.8227	372.279330804	6.0
1.833	372.999944054	8.0
1.8432	373.710950378	3.0
1.8534	374.419368243	4.0
1.8637	375.132114328	3.0
1.8739	375.835358368	2.0
1.8842	376.542899017	1.0
1.8944	377.241007017	6.0
1.9046	377.936573516	2.0
1.9149	378.636389717	4.0
1.9251	379.326876249	6.0
1.9354	380.021581445	4.0
1.9456	380.707025109	2.0
1.9558	381.389973378	4.0
1.9661	382.077094255	4.0
1.9763	382.755054712	4.0
1.9866	383.437157302	5.0
1.9968	384.110166374	6.0
2.007	384.78072532	5.0
2.0173	385.455381178	3.0
2.0275	386.121042794	7.0
2.0378	386.790771402	6.0
2.048	387.451571457	6.0
2.0582	388.109965832	6.0
2.0685	388.772382798	14.0
2.0787	389.425968687	14.0
2.089	390.083547788	5.0
2.0992	390.732360309	10.0
2.1094	391.378810791	9.0
2.1197	392.029210891	6.0
2.1299	392.670940117	15.0
2.1402	393.316590115	5.0
2.1504	393.953632566	11.0
2.1606	394.588355829	12.0
2.1709	395.226957059	8.0
2.1811	395.857044714	16.0
2.1914	396.490982014	13.0
2.2016	397.116467916	15.0
2.2118	397.739676702	9.0
2.2221	398.366693105	11.0
2.2323	398.985350377	13.0
2.2426	399.607787458	15.0
2.2528	400.221926458	14.0
2.263	400.83382965	7.0
2.2733	401.449471387	12.0
2.2835	402.056905634	12.0
2.2938	402.668051121	11.0
2.304	403.271049062	12.0
2.3142	403.871851755	14.0
2.3245	404.476325171	12.0
2.3347	405.072739991	10.0
2.345	405.672798724	11.0
2.3552	406.264857715	11.0
2.3654	406.854761282	17.0
2.3757	407.448268982	17.0
2.3859	408.033864276	10.0
2.3962	408.623037379	11.0
2.4064	409.204355864	17.0
2.4166	409.783558026	10.0
2.4269	410.366298938	12.0
2.4371	410.941270982	11.0
2.4474	411.519755932	15.0
2.4576	412.090528752	23.0
2.4678	412.659223642	10.0
2.4781	413.231393086	14.0
2.4883	413.795934597	12.0
2.4986	414.363925285	15.0
2.5088	414.92434375	8.0
2.519	415.48272198	8.0
2.5293	416.044511733	5.0
2.5395	416.598811929	12.0
2.5498	417.156498733	10.0
2.56	417.706750679	7.0
2.5702	418.254999403	10.0
2.5805	418.806597761	12.0
2.5907	419.350842431	10.0
2.601	419.898412272	5.0
2.6112	420.438682131	8.0
2.6214	420.976985107	6.0
2.6317	421.518576952	9.0
2.6419	422.052948512	8.0
2.6522	422.590584921	3.0
2.6624	423.121053776	3.0
2.6726	423.649591431	10.0
2.6829	424.181358291	6.0
2.6931	424.706035848	10.0
2.7034	425.233919026	6.0
2.7136	425.754764678	8.0
2.7238	426.273714163	9.0
2.7341	426.795834271	10.0
2.7443	427.310993685	12.0
2.7546	427.829300566	5.0
2.7648	428.340697588	15.0
2.775	428.85023284	13.0
2.7853	429.3628812	11.0
2.7955	429.868695136	8.0
2.8058	430.377599444	12.0
2.816	430.879719243	15.0
2.8262	431.380011047	4.0
2.8365	431.883359483	17.0
2.8467	432.379997479	8.0
2.857	432.879669784	11.0
2.8672	433.372680657	11.0
2.8774	433.863896698	12.0
2.8877	434.35811392	12.0
2.8979	434.845742436	11.0
2.9082	435.336350215	24.0
2.9184	435.820417408	17.0
2.9286	436.302722327	14.0
2.9389	436.787973984	14.0
2.9491	437.26675646	9.0
2.9594	437.748464153	17.0
2.9696	438.223749912	18.0
2.9798	438.697305366	18.0
2.9901	439.173754102	20.0
3.0003	439.643851014	12.0
3.0106	440.116820076	17.0
3.0208	440.583483704	12.0
3.031	441.048448418	17.0
3.0413	441.516253925	17.0
3.0515	441.977822837	14.0
3.0618	442.442211795	15.0
3.072	442.900409707	15.0
3.0822	443.356939523	10.0
3.0925	443.816258599	20.0
3.1027	444.269454216	18.0
3.113	444.725418723	16.0
3.1232	445.175304493	17.0
3.1334	445.623552429	23.0
3.1437	446.074539025	19.0
3.1539	446.519513248	16.0
3.1642	446.967206129	16.0
3.1744	447.408930548	12.0
3.1846	447.849046846	11.0
3.1949	448.29185212	14.0
3.2051	448.728754093	12.0
3.2154	449.168325404	18.0
3.2256	449.602036527	8.0
3.2358	450.034168701	8.0
3.2461	450.468941071	10.0
3.2563	450.897917231	12.0
3.2666	451.329514306	11.0
3.2768	451.755357501	13.0
3.287	452.179650391	8.0
3.2973	452.606535582	14.0
3.3075	453.02772971	18.0
3.3178	453.451497208	13.0
3.328	453.869615208	12.0
3.3382	454.286211025	12.0
3.3485	454.705352117	12.0
3.3587	455.118905389	12.0
3.369	455.534985346	14.0
3.3792	455.945518291	14.0
3.3894	456.354556669	13.0
3.3997	456.766094148	10.0
3.4099	457.172145174	7.0
3.4202	457.580677049	12.0
3.4304	457.983762541	14.0
3.4406	458.385380578	15.0
3.4509	458.78945238	16.0
3.4611	459.188137259	15.0
3.4714	459.589257981	12.0
3.4816	459.985031124	15.0
3.4918	460.379363432	10.0
3.5021	460.776104991	8.0
3.5123	461.167557351	13.0
3.5226	461.561401367	18.0
3.5328	461.949994812	7.0
3.543	462.337173561	13.0
3.5533	462.726717856	13.0
3.5635	463.111068902	11.0
3.5738	463.497768217	13.0
3.584	463.879312212	15.0
3.5942	464.259467174	12.0
3.6045	464.641944769	18.0
3.6147	465.019323326	11.0
3.625	465.399007551	12.0
3.6352	465.773629979	11.0
3.6454	466.146888573	14.0
3.6557	466.522427665	12.0
3.6659	466.89296022	12.0
3.6762	467.265756617	14.0
3.6864	467.633583041	10.0
3.6966	468.000070374	14.0
3.7069	468.368796833	23.0
3.7171	468.732607579	13.0
3.7274	469.098641098	6.0
3.7376	469.459794806	15.0
3.7478	469.819633713	9.0
3.7581	470.181671128	13.0
3.7683	470.538882005	10.0
3.7786	470.898275332	8.0
3.7888	471.252877372	10.0
3.799	471.606188463	9.0
3.8093	471.961658179	14.0
3.8195	472.312388914	14.0
3.8298	472.665262509	15.0
3.84	473.013431734	7.0
3.8502	473.36033343	4.0
3.8605	473.70935459	14.0
3.8707	474.053722741	6.0
3.881	474.400194876	15.0
3.8912	474.742047984	10.0
3.9014	475.082656557	12.0
3.9117	475.425346146	12.0
3.9219	475.763467134	9.0
3.9322	476.103653939	17.0
3.9424	476.439305511	12.0
3.9526	476.773735124	16.0
3.9629	477.110208001	9.0
3.9731	477.442195157	11.0
3.9834	477.776210653	7.0
3.9936	478.105773189	10.0
4.0038	478.434135935	11.0
4.0141	478.764504878	8.0
4.0243	479.090469474	12.0
4.0346	479.418425616	10.0
4.0448	479.742009577	14.0
4.055	480.064415514	9.0
4.0653	480.388791253	12.0
4.0755	480.708842545	12.0
4.0858	481.030849254	9.0
4.096	481.348563099	11.0
4.1062	481.665120288	13.0
4.1165	481.983611547	5.0
4.1267	482.297856808	7.0
4.137	482.614022012	13.0
4.1472	482.925972229	14.0
4.1574	483.236786773	8.0
4.1677	483.549500301	8.0
4.1779	483.858044857	7.0
4.1882	484.168474527	16.0
4.1984	484.474765673	7.0
4.2086	484.77994175	6.0
4.2189	485.08698236	14.0
4.2291	485.389929628	10.0
4.2394	485.694727812	7.0
4.2496	485.995462549	9.0
4.2598	486.295102444	12.0
4.2701	486.596573049	6.0
4.2803	486.894024569	9.0
4.2906	487.193293427	10.0
4.3008	487.488572553	12.0
4.311	487.782776699	11.0
4.3213	488.078778343	17.0
4.3315	488.370833813	9.0
4.3418	488.664673653	8.0
4.352	488.954596138	6.0
4.3622	489.243463144	9.0
4.3725	489.53409504	13.0
4.3827	489.820852348	8.0
4.393	490.109361657	12.0
4.4032	490.394024676	7.0
4.4134	490.677651363	16.0
4.4237	490.963010923	11.0
4.4339	491.244566184	11.0
4.4442	491.527841663	6.0
4.4544	491.807340627	6.0
4.4646	492.085822059	10.0
4.4749	492.366004929	14.0
4.4851	492.642452513	7.0
4.4954	492.920589108	13.0
4.5056	493.195017698	7.0
4.5158	493.468447215	15.0
4.5261	493.743547304	6.0
4.5363	494.014979869	8.0
4.5466	494.288070804	10.0
4.5568	494.557521001	6.0
4.567	494.82599025	14.0
4.5773	495.096099765	11.0
4.5875	495.362608288	2.0
4.5978	495.630745097	10.0
4.608	495.895307214	6.0
4.6182	496.158906178	9.0
4.6285	496.424115652	6.0
4.6387	496.68578946	8.0
4.649	496.949062015	6.0
4.6592	497.208824727	6.0
4.6694	497.467641758	5.0
4.6797	497.728040083	10.0
4.6899	497.984966881	8.0
4.7002	498.243463425	11.0
4.7104	498.498513797	7.0
4.7206	498.752635643	11.0
4.7309	499.008310098	5.0
4.7411	499.260576003	11.0
4.7514	499.514383176	8.0
4.7616	499.764806694	6.0
4.7718	500.014318532	7.0
4.7821	500.265354811	17.0
4.7923	500.513044375	12.0
4.8026	500.762247248	4.0
4.8128	501.008127848	7.0
4.823	501.253113306	6.0
4.8333	501.499595551	8.0
4.8435	501.742791794	9.0
4.8538	501.987473892	9.0
4.864	502.228893987	4.0
4.8742	502.469435178	7.0
4.8845	502.711446004	6.0
4.8947	502.950230438	9.0
4.905	503.190473773	4.0
4.9152	503.42751428	4.0
4.9254	503.663691828	5.0
4.9357	503.901312349	7.0
4.9459	504.135765009	9.0
4.9562	504.371650104	5.0
4.9664	504.604390474	5.0
4.9766	504.836283539	4.0
4.9869	505.069593401	5.0
4.9971	505.299792869	4.0
5.0074	505.531398786	10.0
5.0176	505.759917027	4.0
5.0278	505.987603334	4.0
5.0381	506.216680735	12.0
5.0483	506.442704169	4.0
5.0586	506.670108537	6.0
5.0688	506.894481242	7.0
5.079	507.118037105	7.0
5.0893	507.342958827	3.0
5.0995	507.564881983	7.0
5.1098	507.788161022	7.0
5.12	508.008463395	3.0
5.1302	508.227963744	5.0
5.1405	508.448805175	4.0
5.1507	508.666702436	6.0
5.161	508.885930984	8.0
5.1712	509.102236864	4.0
5.1814	509.317755271	1.0
5.1917	509.53459043	5.0
5.2019	509.74853483	4.0
5.2122	509.963786366	2.0
5.2224	510.176168254	5.0
5.2326	510.387776955	6.0
5.2429	510.60067852	3.0
5.2531	510.810741767	2.0
5.2634	511.022088438	5.0
5.2736	511.230617519	5.0
5.2838	511.438387439	2.0
5.2941	511.64742677	5.0
5.3043	511.853679272	2.0
5.3146	512.061191915	1.0
5.3248	512.265938083	2.0
5.335	512.46993886	4.0
5.3453	512.675186021	4.0
5.3555	512.87769691	3.0
5.3658	513.081445078	2.0
5.376	513.282476958	2.0
5.3862	513.48277697	4.0
5.3965	513.684300754	1.0
5.4067	513.883137904	2.0
5.417	514.083189889	4.0
5.4272	514.280574862	2.0
5.4374	514.477241243	2.0
5.4477	514.675109197	2.0
5.4579	514.870339254	4.0
5.4682	515.066762108	2.0
5.4784	515.260566331	3.0
5.4886	515.453664999	0.0
5.4989	515.647943442	1.0
5.5091	515.839631843	1.0
5.5194	516.032491401	3.0
5.5296	516.222779834	0.0
5.5398	516.412375511	3.0
5.5501	516.60312956	0.0
5.5603	516.791340553	1.0
5.5706	516.980701458	3.0
5.5808	517.167537879	0.0
5.591	517.353694112	1.0
5.6013	517.540987703	1.0
5.6115	517.725784371	0.0
5.6218	517.911710092	0.0
5.632	518.095157124	1.0
5.6422	518.277936308	2.0
5.6525	518.461832218	4.0
5.6627	518.643276501	1.0
5.673	518.825829353	1.0
5.6832	519.005948485	2.0
5.6934	519.185411882	1.0
5.7037	519.365971747	2.0
5.7139	519.54412446	2.0
5.7242	519.723365632	0.0
5.7344	519.900217233	1.0
5.7446	520.076424996	1.0
5.7549	520.253709335	0.0
5.7651	520.42863019	1.0
5.7754	520.604619759	2.0
5.7856	520.778263106	1.0
5.7958	520.951274294	2.0
5.8061	521.125342529	0.0
5.8163	521.297090155	1.0
5.8266	521.469887108	2.0
5.8368	521.640380401	0.0
5.847	521.810253003	0.0
5.8573	521.981163476	0.0
5.8675	522.149795439	2.0
5.8778	522.319457693	1.0
5.888	522.486858077	1.0
5.8982	522.653649031	0.0
5.9085	522.821459027	1.0
5.9187	522.987031848	1.0
5.929	523.153616268	1.0
5.9392	523.317979852	0.0
5.9494	523.481745062	3.0
5.9597	523.646510827	4.0
5.9699	523.809080001	2.0
5.9802	523.972642423	1.0
5.9904	524.134024297	1.0
6.0006	524.294818651	0.0
6.0109	524.456595411	0.0
6.0211	524.616215427	0.0
6.0314	524.776810673	0.0
6.0416	524.935264928	1.0
6.0518	525.093142322	2.0
6.0621	525.251984299	1.0
6.0723	525.408708658	2.0
6.0826	525.566390555	0.0
6.0928	525.721970301	0.0
6.103	525.87698365	0.0
6.1133	526.032944084	3.0
6.1235	526.186825316	0.0
6.1338	526.341646716	1.0
6.144	526.494404099	0.0
6.1542	526.64660536	0.0
6.1645	526.799736525	0.0
6.1747	526.950826207	2.0
6.185	527.102839001	2.0
6.1952	527.252825221	1.0
6.2054	527.402265408	0.0
6.2157	527.55261863	3.0
6.2259	527.700967402	0.0
6.2362	527.850222541	0.0
6.2464	527.997487871	2.0
6.2566	528.144217072	0.0
6.2669	528.291842745	2.0
6.2771	528.437500332	2.0
6.2874	528.584047842	0.0
6.2976	528.72864164	0.0
6.3078	528.872709036	0.0
6.3181	529.01765664	0.0
6.3283	529.160671861	0.0
6.3386	529.304560862	1.0
6.3488	529.446531592	0.0
6.359	529.58798547	0.0
6.3693	529.730303588	0.0
6.3795	529.870724379	0.0
6.3898	530.012003098	2.0
6.4	530.151398345	0.0
6.4102	530.290286117	1.0
6.4205	530.430022451	0.0
6.4307	530.567895876	4.0
6.441	530.706611666	1.0
6.4512	530.843478153	0.0
6.4614	530.97984637	1.0
6.4717	531.117047755	0.0
6.4819	531.252420027	1.0
6.4922	531.388619382	1.0
6.5024	531.523002982	0.0
6.5126	531.656897351	0.0
6.5229	531.791609775	0.0
6.5331	531.924526266	2.0
6.5434	532.058254837	1.0
6.5536	532.190200592	1.0
6.5638	532.321665992	1.0
6.5741	532.453934605	1.0
6.5843	532.584439866	1.0
6.5946	532.715742475	0.0
6.6048	532.84529461	0.0
6.615	532.974375103	0.0
6.6253	533.10424424	0.0
6.6355	533.232382013	0.0
6.6458	533.361302669	0.0
6.656	533.488504606	2.0
6.6662	533.615243458	0.0
6.6765	533.742756646	0.0
6.6867	533.868569879	0.0
6.697	533.995151794	0.0
6.7072	534.120046168	0.0
6.7174	534.244485858	0.0
6.7277	534.369685837	1.0
6.7379	534.4932167	0.0
6.7482	534.617502299	0.0
6.7584	534.740130973	2.0
6.7686	534.86231321	0.0
6.7789	534.985241943	1.0
6.7891	535.10653184	0.0
6.7994	535.228562782	0.0
6.8096	535.348966856	0.0
6.8198	535.468932592	1.0
6.8301	535.589631283	1.0
6.8403	535.708720867	0.0
6.8506	535.828538052	0.0
6.8608	535.946757883	0.0
6.871	536.064547328	2.0
6.8813	536.183056431	1.0
6.8915	536.299985618	0.0
6.9018	536.417629207	0.0
6.912	536.533704419	0.0
6.9222	536.649357053	2.0
6.9325	536.765716289	0.0
6.9427	536.880524271	0.0
6.953	536.996033695	1.0
6.9632	537.110003193	0.0
6.9734	537.22355778	0.0
6.9837	537.33780615	0.0
6.9939	537.450531407	1.0
7.0042	537.563945381	1.0
7.0144	537.675847366	1.0
7.0246	537.787341965	1.0
7.0349	537.899517763	1.0
7.0451	538.010198077	0.0
7.0554	538.121554615	0.0
7.0656	538.231426593	1.0
7.0758	538.340898575	1.0
7.0861	538.451039398	0.0
7.0963	538.559711868	0.0
7.1066	538.669048294	0.0
7.1168	538.77692709	0.0
7.127	538.884413148	0.0
7.1373	538.992555913	0.0
7.1475	539.099256962	0.0
7.1578	539.206609922	2.0
7.168	539.312531696	3.0
7.1782	539.418067855	1.0
7.1885	539.524248809	1.0
7.1987	539.6290142	1.0
7.209	539.734419677	2.0
7.2192	539.83841993	0.0
7.2294	539.942041564	1.0
7.2397	540.046296295	1.0
7.2499	540.149161144	0.0
7.2602	540.252654466	0.0
7.2704	540.354768057	5.0
7.2806	540.456509898	1.0
7.2909	540.55887335	0.0
7.3011	540.659872134	1.0
7.3114	540.76148799	0.0
7.3216	540.861749144	1.0
7.3318	540.961645292	0.0
7.3421	541.062151775	1.0
7.3523	541.161318346	0.0
7.3626	541.261090794	0.0
7.3728	541.359533117	1.0
7.383	541.457617054	1.0
7.3933	541.556300255	0.0
7.4035	541.653667851	0.0
7.4138	541.751630334	1.0
7.424	541.84828682	1.0
7.4342	541.944591423	0.0
7.4445	542.041484418	3.0
7.4547	542.137085674	2.0
7.465	542.233271026	0.0
7.4752	542.328174072	1.0
7.4854	542.422731619	1.0
7.4957	542.517866884	1.0
7.5059	542.611733844	0.0
7.5162	542.706174302	0.0
7.5264	542.799355718	0.0
7.5366	542.892197902	1.0
7.5469	542.985607324	0.0
7.5571	543.077771448	0.0
7.5674	543.170498668	1.0
7.5776	543.261989686	0.0
7.5878	543.353147625	0.0
7.5981	543.444862512	2.0
7.6083	543.535354693	0.0
7.6186	543.626399754	0.0
7.6288	543.716231038	0.0
7.639	543.805735287	0.0
7.6493	543.89578638	1.0
7.6595	543.984636947	0.0
7.6698	544.074030365	1.0
7.68	544.162232026	0.0
7.6902	544.250112583	2.0
7.7005	544.338530064	2.0
7.7107	544.425768799	1.0
7.721	544.513540536	0.0
7.7312	544.600142136	2.0
7.7414	544.686428457	1.0
7.7517	544.773241962	2.0
7.7619	544.858898104	1.0
7.7722	544.945077579	1.0
7.7824	545.030108144	1.0
7.7926	545.114829151	0.0
7.8029	545.200067777	0.0
7.8131	545.284170036	1.0
7.8234	545.368786135	0.0
7.8336	545.452274165	0.0
7.8438	545.535458253	1.0
7.8541	545.619150571	0.0
7.8643	545.701727136	1.0
7.8746	545.784808219	0.0
7.8848	545.866781698	1.0
7.895	545.948456748	1.0
7.9053	546.030630808	1.0
7.9155	546.111709357	1.0
7.9258	546.193283271	1.0
7.936	546.273769674	0.0
7.9462	546.353963062	0.0
7.9565	546.434646407	1.0
7.9667	546.514254115	0.0
7.977	546.594348201	1.0
7.9872	546.673374505	1.0
7.9974	546.75211311	2.0
8.0077	546.831332784	2.0
8.0179	546.909496332	2.0
8.0282	546.988137437	0.0
8.0384	547.065730129	1.0
8.0486	547.143040342	0.0
8.0589	547.220822896	0.0
8.0691	547.297568484	0.0
8.0794	547.374782965	1.0
8.0896	547.450968054	0.0
8.0998	547.526875786	0.0
8.1101	547.603247292	0.0
8.1203	547.678600643	0.0
8.1306	547.75441438	3.0
8.1408	547.8292174	0.0
8.151	547.903748094	0.0
8.1613	547.978734149	1.0
8.1715	548.05272052	2.0
8.1818	548.127158925	2.0
8.192	548.200604947	0.0
8.2022	548.273783584	0.0
8.2125	548.347409322	1.0
8.2227	548.42005351	0.0
8.233	548.493141532	1.0
8.2432	548.565255174	1.0
8.2534	548.637106283	1.0
8.2637	548.70939638	0.0
8.2739	548.780722734	0.0
8.2842	548.852484871	0.0
8.2944	548.923290304	2.0
8.3046	548.993837966	0.0
8.3149	549.064816653	0.0
8.3251	549.13484908	0.0
8.3354	549.205309384	2.0
8.3456	549.27483034	1.0
8.3558	549.344098201	1.0
8.3661	549.413789267	1.0
8.3763	549.482551241	1.0
8.3866	549.551733329	0.0
8.3968	549.619993109	3.0
8.407	549.688004386	1.0
8.4173	549.756431191	2.0
8.4275	549.823945757	1.0
8.4378	549.891872817	1.0
8.448	549.958894301	1.0
8.4582	550.025671789	1.0
8.4685	550.092857268	1.0
8.4787	550.159147056	2.0
8.489	550.225841855	0.0
8.4992	550.291647506	1.0
8.5094	550.357213588	0.0
8.5197	550.423180259	1.0
8.5299	550.488267488	1.0
8.5402	550.553752381	0.0
8.5504	550.618364256	0.0
8.5606	550.682740907	1.0
8.5709	550.747510881	1.0
8.5811	550.811417367	1.0
8.5914	550.875714302	1.0
8.6016	550.939154056	0.0
8.6118	551.002362855	1.0
8.6221	551.06595784	4.0
8.6323	551.128705002	0.0
8.6426	551.19183553	5.0
8.6528	551.254124428	0.0
8.663	551.316186559	0.0
8.6733	551.378627872	0.0
8.6835	551.440236741	3.0
8.6938	551.502222023	2.0
8.704	551.563380941	0.0
8.7142	551.624317207	1.0
8.7245	551.685625775	0.0
8.7347	551.746117002	0.0
8.745	551.806977812	0.0
8.7552	551.86702725	1.0
8.7654	551.926858075	0.0
8.7757	551.987054448	0.0
8.7859	552.046448307	0.0
8.7962	552.106205045	0.0
8.8064	552.16516513	0.0
8.8166	552.223910567	0.0
8.8269	552.283014921	1.0
8.8371	552.34133132	3.0
8.8474	552.400004014	3.0
8.8576	552.457894508	0.0
8.8678	552.515574248	2.0
8.8781	552.573606393	0.0
8.8883	552.630864878	1.0
8.8986	552.688473194	0.0
8.9088	552.7453135	1.0
8.919	552.801946875	3.0
8.9293	552.858926263	0.0
8.9395	552.915146025	0.0
8.9498	552.971709272	1.0
8.96	553.027518441	1.0
8.9702	553.083124433	0.0
8.9805	553.139070162	2.0
8.9907	553.194270044	1.0
9.001	553.249807181	1.0
9.0112	553.304603919	1.0
9.0214	553.359201166	0.0
9.0317	553.414131987	0.0
9.0419	553.468330491	0.0
9.0522	553.522860132	1.0
9.0624	553.576662806	0.0
9.0726	553.630269608	1.0
9.0829	553.684203932	0.0
9.0931	553.737419224	1.0
9.1034	553.790959646	2.0
9.1136	553.843786289	1.0
9.1238	553.896420613	0.0
9.1341	553.949376517	1.0
9.1443	554.001626435	0.0
9.1546	554.054195583	0.0
9.1648	554.106063901	1.0
9.175	554.157743389	0.0
9.1853	554.209738623	0.0
9.1955	554.261040678	0.0
9.2058	554.312656172	3.0
9.216	554.36358355	1.0
9.2262	554.414325524	1.0
9.2365	554.465377515	0.0
9.2467	554.515748903	1.0
9.257	554.566428044	3.0
9.2672	554.616431551	0.0
9.2774	554.666253017	1.0
9.2877	554.716378878	0.0
9.2979	554.765836481	3.0
9.3082	554.815596254	3.0
9.3184	554.864692651	1.0
9.3286	554.913610309	0.0
9.3389	554.96282684	0.0
9.3491	555.011387235	0.0
9.3594	555.06024432	0.0
9.3696	555.108450061	0.0
9.3798	555.156480307	1.0
9.3901	555.204804003	0.0
9.4003	555.252483468	0.0
9.4106	555.300454239	1.0
9.4208	555.347785483	1.0
9.431	555.394944415	0.0
9.4413	555.442391474	1.0
9.4515	555.489205988	0.0
9.4618	555.536306524	1.0
9.472	555.582779135	1.0
9.4822	555.62908256	1.0
9.4925	555.675668885	0.0
9.5027	555.721634139	0.0
9.513	555.767880227	0.0
9.5232	555.813509781	1.0
9.5334	555.858973219	0.0
9.5437	555.904714424	1.0
9.5539	555.949845825	0.0
9.5642	555.995252966	0.0
9.5744	556.040054757	0.0
9.5846	556.084693445	2.0
9.5949	556.129604861	2.0
9.6051	556.173917537	1.0
9.6154	556.218500949	2.0
9.6256	556.262489993	0.0
9.6358	556.306318893	1.0
9.6461	556.350415575	0.0
9.6563	556.393924376	0.0
9.6666	556.437699004	2.0
9.6768	556.480890046	1.0
9.687	556.523923848	0.0
9.6973	556.567220574	1.0
9.7075	556.609940085	0.0
9.7178	556.6529206	1.0
9.728	556.695328116	0.0
9.7382	556.737581244	1.0
9.7485	556.780092527	0.0
9.7587	556.822037066	2.0
9.769	556.864237874	0.0
9.7792	556.905876077	6.0
9.7894	556.947362695	0.0
9.7997	556.989102782	0.0
9.8099	557.030286408	2.0
9.8202	557.071721654	0.0
9.8304	557.112604501	1.0
9.8406	557.153338512	1.0
9.8509	557.194321395	0.0
9.8611	557.234757912	3.0
9.8714	557.275441483	2.0
9.8816	557.315582677	0.0
9.8918	557.355577734	1.0
9.9021	557.39581715	0.0
9.9123	557.435520109	0.0
9.9226	557.475465642	0.0
9.9328	557.514878637	0.0
9.943	557.554148147	0.0
9.9533	557.593657582	2.0
9.9635	557.632640292	1.0
9.9738	557.671861176	1.0
9.984	557.710559182	0.0
9.9942	557.749116306	1.0
10.0045	557.787909002	2.0
10.0147	557.82618453	0.0
10.025	557.864693909	0.0
10.0352	557.902689897	2.0
10.0454	557.940547559	1.0
10.0557	557.978636519	1.0
10.0659	558.016217693	0.0
10.0762	558.054028476	1.0
10.0864	558.091335181	3.0
10.0966	558.128506069	1.0
10.1069	558.16590406	0.0
10.1171	558.202803475	1.0
10.1274	558.239928335	0.0
10.1376	558.276558262	0.0
10.1478	558.313054835	1.0
10.1581	558.349774391	0.0
10.1683	558.386004416	0.0
10.1786	558.422455797	0.0
10.1888	558.458421222	0.0
10.199	558.494255713	0.0
10.2093	558.530309141	1.0
10.2195	558.56588192	0.0
10.2298	558.601672038	0.0
10.24	558.636985016	0.0
10.2502	558.672169436	1.0
10.2605	558.707568822	1.0
10.2707	558.742496277	1.0
10.281	558.777637128	1.0
10.2912	558.812309496	1.0
10.3014	558.846855637	0.0
10.3117	558.881612845	0.0
10.3219	558.915906683	0.0
10.3322	558.950410047	1.0
10.3424	558.984453425	1.0
10.3526	559.018372867	0.0
10.3629	559.052499546	0.0
10.3731	559.086171262	0.0
10.3834	559.120048701	0.0
10.3936	559.153474501	0.0
10.4038	559.186778612	2.0
10.4141	559.220286201	0.0
10.4243	559.25334708	2.0
10.4346	559.286609952	0.0
10.4448	559.319429376	1.0
10.455	559.352129319	1.0
10.4653	559.385029049	0.0
10.4755	559.417490173	0.0
10.4858	559.450149624	0.0
10.496	559.482373673	0.0
10.5062	559.514480408	1.0
10.5165	559.546783306	1.0
10.5267	559.578655555	0.0
10.537	559.610722533	0.0
10.5472	559.642362008	0.0
10.5574	559.673886297	0.0
10.5677	559.705603189	1.0
10.5779	559.736897245	2.0
10.5882	559.768382499	1.0
10.5984	559.799448003	1.0
10.6086	559.830400412	0.0
10.6189	559.861541931	0.0
10.6291	559.892268283	1.0
10.6394	559.923182364	1.0
10.6496	559.953684311	0.0
10.6598	559.984075214	0.0
10.6701	560.014651796	2.0
10.6803	560.044820744	0.0
10.6906	560.075174015	0.0
10.7008	560.105122628	0.0
10.711	560.134962211	1.0
10.7213	560.164984105	1.0
10.7315	560.19460576	1.0
10.7418	560.224408393	0.0
10.752	560.25381371	0.0
10.7622	560.283111976	0.0
10.7725	560.312589245	0.0
10.7827	560.341673534	0.0
10.793	560.37093552	1.0
10.8032	560.399807397	1.0
10.8134	560.428574165	0.0
10.8237	560.457516688	1.0
10.8339	560.486073361	2.0
10.8442	560.514804507	0.0
10.8544	560.543152621	1.0
10.8646	560.571397532	0.0
10.8749	560.599815011	1.0
10.8851	560.62785364	1.0
10.8954	560.656063576	1.0
10.9056	560.683897428	1.0
10.9158	560.71162995	1.0
10.9261	560.739531909	0.0
10.9363	560.767061891	1.0
10.9466	560.794760072	2.0
10.9568	560.822088992	2.0
10.967	560.84931842	0.0
10.9773	560.876714211	0.0
10.9875	560.903744773	0.0
10.9978	560.930940483	0.0
11.008	560.957773631	0.0
11.0182	560.984509091	0.0
11.0285	561.011407897	2.0
11.0387	561.037948099	1.0
11.049	561.064650453	0.0
11.0592	561.090996823	0.0
11.0694	561.117247277	0.0
11.0797	561.143658113	0.0
11.0899	561.169716851	2.0
11.1002	561.195934799	1.0
11.1104	561.221803221	0.0
11.1206	561.247577467	0.0
11.1309	561.273509186	1.0
11.1411	561.299095193	2.0
11.1514	561.324837524	1.0
11.1616	561.350236668	0.0
11.1718	561.375543345	2.0
11.1821	561.401004638	0.0
11.1923	561.426126491	2.0
11.2026	561.451401831	0.0
11.2128	561.476340211	0.0
11.223	561.501187801	0.0
11.2333	561.526187202	1.0
11.2435	561.550853322	0.0
11.2538	561.575670144	0.0
11.264	561.600156118	1.0
11.2742	561.624552949	0.0
11.2845	561.649098838	0.0
11.2947	561.67331749	0.0
11.305	561.697684112	2.0
11.3152	561.721725887	0.0
11.3254	561.745680137	0.0
11.3357	561.76978074	0.0
11.3459	561.793560044	1.0
11.3562	561.817484632	0.0
11.3664	561.841090267	0.0
11.3766	561.864609964	1.0
11.3869	561.88827336	0.0
11.3971	561.911621284	0.0
11.4074	561.935111858	0.0
11.4176	561.958289264	0.0
11.4278	561.981382292	0.0
11.4381	562.004616412	0.0
11.4483	562.027540783	0.0
11.4586	562.050605215	0.0
11.4688	562.073362162	2.0
11.479	562.09603626	1.0
11.4893	562.118848891	2.0
11.4995	562.141357393	0.0
11.5098	562.164003415	1.0
11.52	562.186347529	1.0
11.5302	562.208610298	1.0
11.5405	562.231009086	1.0
11.5507	562.253109262	1.0
11.561	562.275344464	0.0
11.5712	562.297283235	0.0
11.5814	562.319142137	0.0
11.5917	562.341134589	2.0
11.6019	562.362833848	0.0
11.6122	562.384665682	1.0
11.6224	562.406206463	0.0
11.6326	562.427668824	3.0
11.6429	562.449262313	0.0
11.6531	562.470567926	2.0
11.6634	562.49200371	1.0
11.6736	562.513153721	0.0
11.6838	562.534226735	0.0
11.6941	562.555428497	3.0
11.7043	562.576347607	1.0
11.7146	562.597394526	0.0
11.7248	562.618160856	2.0
11.735	562.638851585	1.0
11.7453	562.659668728	0.0
11.7555	562.680208345	1.0
11.7658	562.700873453	0.0
11.776	562.721263062	0.0
11.7862	562.741578442	0.0
11.7965	562.762017942	0.0
11.8067	562.782184952	0.0
11.817	562.802475175	1.0
11.8272	562.822494898	0.0
11.8374	562.842441737	0.0
11.8477	562.862510446	0.0
11.8579	562.882311607	0.0
11.8682	562.902233746	0.0
11.8784	562.921890292	1.0
11.8886	562.941475277	0.0
11.8989	562.961179921	1.0
11.9091	562.98062187	0.0
11.9194	563.000182603	0.0
11.9296	563.019482561	1.0
11.9398	563.038712256	0.0
11.9501	563.058059439	0.0
11.9603	563.077148693	0.0
11.9706	563.096354576	1.0
11.9808	563.115304414	1.0
11.991	563.134185265	1.0
12.0013	563.153181471	0.0
12.0115	563.171924428	0.0
12.0218	563.190781899	1.0
12.032	563.209387969	1.0
12.0422	563.227926303	1.0
12.0525	563.246577901	2.0
12.0627	563.264980842	1.0
12.073	563.283496221	1.0
12.0832	563.30176476	1.0
12.0934	563.319966791	0.0
12.1037	563.338280031	1.0
12.1139	563.356349126	0.0
12.1242	563.374528618	1.0
[END DATA]
