TL-DOS Lehrstuhlversuch
detector=R1408102
job_number=2015-10-30-004
irradiation_dose [mSv]=0.3

[BEGIN DATA]
time [sec] 	 temperature [K] 	 photoncount 
0.0	235.001080016	0.0
0.0102	236.131040704	1.0
0.0205	237.267998672	0.0
0.0307	238.389891494	1.0
0.041	239.518731635	1.0
0.0512	240.632614195	1.0
0.0614	241.742532495	4.0
0.0717	242.859323961	0.0
0.0819	243.961317496	3.0
0.0922	245.070135123	1.0
0.1024	246.164260476	1.0
0.1126	247.254491884	1.0
0.1229	248.351474547	2.0
0.1331	249.433921753	1.0
0.1434	250.523072011	1.0
0.1536	251.597790595	1.0
0.1638	252.668684301	1.0
0.1741	253.746209515	4.0
0.1843	254.80945709	0.0
0.1946	255.879288824	0.0
0.2048	256.934944862	2.0
0.215	257.986843865	1.0
0.2253	259.04525675	0.0
0.2355	260.089645243	0.0
0.2458	261.14050111	2.0
0.256	262.177432718	1.0
0.2662	263.210673932	0.0
0.2765	264.250313489	0.0
0.2867	265.276177408	1.0
0.297	266.308393988	0.0
0.3072	267.326933287	0.0
0.3174	268.341847648	0.0
0.3277	269.363046864	0.0
0.3379	270.370714784	0.0
0.3482	271.384622686	0.0
0.3584	272.385095904	0.0
0.3686	273.382008482	0.0
0.3789	274.385094438	0.0
0.3891	275.374889106	2.0
0.3994	276.370813075	0.0
0.4096	277.353540655	0.0
0.4198	278.33277075	1.0
0.4301	279.318064726	0.0
0.4403	280.290303164	0.0
0.4506	281.268562186	1.0
0.4608	282.233858887	0.0
0.471	283.195720139	0.0
0.4813	284.163537714	0.0
0.4915	285.118531321	0.0
0.5018	286.079438724	0.0
0.512	287.027613722	0.0
0.5222	287.972414205	0.0
0.5325	288.923065363	0.0
0.5427	289.861120016	0.0
0.553	290.804983569	0.0
0.5632	291.736340555	0.0
0.5734	292.664382881	0.0
0.5837	293.598172107	0.0
0.5939	294.519588255	0.0
0.6042	295.44671027	0.0
0.6144	296.361547549	0.0
0.6246	297.273128962	0.0
0.6349	298.19035534	0.0
0.6451	299.095428104	0.0
0.6554	300.006105529	0.0
0.6656	300.904716116	0.0
0.6758	301.800128586	1.0
0.6861	302.701085897	0.0
0.6963	303.590105164	1.0
0.7066	304.484629681	0.0
0.7168	305.367301392	0.0
0.727	306.246831712	1.0
0.7373	307.131808522	0.0
0.7475	308.005059037	0.0
0.7578	308.883717154	0.0
0.768	309.750732702	0.0
0.7782	310.614662578	0.0
0.7885	311.483942338	0.0
0.7987	312.341703795	0.0
0.809	313.204776938	0.0
0.8192	314.056414019	0.0
0.8294	314.905020159	0.0
0.8397	315.758881292	0.0
0.8499	316.601428424	0.0
0.8602	317.449193028	0.0
0.8704	318.285724414	0.0
0.8806	319.11927862	0.0
0.8909	319.957994609	0.0
0.9011	320.785597277	0.0
0.9114	321.618324873	1.0
0.9216	322.440018497	1.0
0.9318	323.258787748	0.0
0.9421	324.082627226	0.0
0.9523	324.895550503	0.0
0.9626	325.713507806	0.0
0.9728	326.52062685	0.0
0.983	327.324873391	0.0
0.9933	328.134100227	0.0
1.0035	328.932604485	0.0
1.0138	329.736053479	1.0
1.024	330.528856455	0.0
1.0342	331.318837878	1.0
1.0445	332.11371126	2.0
1.0547	332.898052253	0.0
1.065	333.687250276	1.0
1.0752	334.465991112	0.0
1.0854	335.241960442	0.0
1.0957	336.02273496	1.0
1.1059	336.793163905	2.0
1.1162	337.56836373	0.0
1.1264	338.333291849	2.0
1.1366	339.095497621	1.0
1.1469	339.862423351	2.0
1.1571	340.61918701	1.0
1.1674	341.380636926	1.0
1.1776	342.131997327	0.0
1.1878	342.880683669	3.0
1.1981	343.63400625	0.0
1.2083	344.377347007	0.0
1.2186	345.125290899	2.0
1.2288	345.863324238	3.0
1.239	346.598730948	3.0
1.2493	347.338691661	0.0
1.2595	348.068847601	1.0
1.2698	348.803525031	1.0
1.28	349.528467691	1.0
1.2902	350.250830312	1.0
1.3005	350.977666162	4.0
1.3107	351.694871148	9.0
1.321	352.416517424	2.0
1.3312	353.128601599	4.0
1.3414	353.838151498	2.0
1.3517	354.552095282	0.0
1.3619	355.256579028	1.0
1.3722	355.965425287	4.0
1.3824	356.664879052	3.0
1.3926	357.36184349	2.0
1.4029	358.06312388	2.0
1.4131	358.755112025	2.0
1.4234	359.451385305	5.0
1.4336	360.138432687	8.0
1.4438	360.823034897	5.0
1.4541	361.511876505	3.0
1.4643	362.191590687	4.0
1.4746	362.875513998	6.0
1.4848	363.550375052	6.0
1.495	364.222834305	5.0
1.5053	364.899457761	5.0
1.5155	365.567115687	8.0
1.5258	366.238908082	2.0
1.536	366.901798962	8.0
1.5462	367.562330641	4.0
1.5565	368.226952661	3.0
1.5667	368.882768174	5.0
1.577	369.542644824	7.0
1.5872	370.193777846	10.0
1.5974	370.842593513	13.0
1.6077	371.49542697	11.0
1.6179	372.139610123	7.0
1.6282	372.78778238	4.0
1.6384	373.427366096	11.0
1.6486	374.064673561	12.0
1.6589	374.705927551	17.0
1.6691	375.338684671	23.0
1.6794	375.975360137	10.0
1.6896	376.603599401	15.0
1.6998	377.229602788	18.0
1.7101	377.859482699	16.0
1.7203	378.481016451	19.0
1.7306	379.106399049	20.0
1.7408	379.723495079	7.0
1.751	380.338394891	17.0
1.7613	380.957102468	20.0
1.7715	381.567611924	21.0
1.7818	382.181901958	20.0
1.792	382.788052405	21.0
1.8022	383.392045588	18.0
1.8125	383.999778998	19.0
1.8227	384.599459699	26.0
1.833	385.20285392	19.0
1.8432	385.798252929	28.0
1.8534	386.391532937	32.0
1.8637	386.988486831	26.0
1.8739	387.577530848	28.0
1.8842	388.170222519	31.0
1.8944	388.75506079	26.0
1.9046	389.337817646	23.0
1.9149	389.924183222	29.0
1.9251	390.502779222	29.0
1.9354	391.084958176	25.0
1.9456	391.659423027	35.0
1.9558	392.231843382	33.0
1.9661	392.807808449	31.0
1.9763	393.37614175	32.0
1.9866	393.947994453	34.0
1.9968	394.512269881	30.0
2.007	395.074537077	45.0
2.0173	395.64028611	43.0
2.0275	396.198538744	40.0
2.0378	396.760248357	43.0
2.048	397.314515093	43.0
2.0582	397.866809218	45.0
2.0685	398.422523423	47.0
2.0787	398.970874194	51.0
2.089	399.522620625	66.0
2.0992	400.067056197	46.0
2.1094	400.609554146	43.0
2.1197	401.155411512	50.0
2.1299	401.694036051	58.0
2.1402	402.235996021	53.0
2.1504	402.770774806	47.0
2.1606	403.303650337	40.0
2.1709	403.839825697	49.0
2.1811	404.368896521	51.0
2.1914	404.901243615	48.0
2.2016	405.426536898	48.0
2.2118	405.949960685	62.0
2.2221	406.476625772	59.0
2.2323	406.996312337	49.0
2.2426	407.519217061	42.0
2.2528	408.035193088	55.0
2.263	408.549332779	47.0
2.2733	409.066656279	40.0
2.2835	409.577125037	42.0
2.2938	410.090754871	49.0
2.304	410.597578906	45.0
2.3142	411.102599175	38.0
2.3245	411.610746782	50.0
2.3347	412.11216123	41.0
2.345	412.616680687	43.0
2.3552	413.11451506	41.0
2.3654	413.610577661	36.0
2.3757	414.10971213	30.0
2.3859	414.602232867	30.0
2.3962	415.097803539	40.0
2.4064	415.586807702	33.0
2.4166	416.07407152	34.0
2.4269	416.564352718	34.0
2.4371	417.048137495	31.0
2.4474	417.534918108	34.0
2.4576	418.015248685	34.0
2.4678	418.493869786	31.0
2.4781	418.975454746	22.0
2.4883	419.450658515	25.0
2.4986	419.928804981	27.0
2.5088	420.400615817	30.0
2.519	420.870747498	28.0
2.5293	421.343790468	22.0
2.5395	421.810565431	25.0
2.5498	422.280230897	25.0
2.56	422.743673109	22.0
2.5702	423.205465949	30.0
2.5805	423.670118441	16.0
2.5907	424.128614102	28.0
2.601	424.589948997	28.0
2.6112	425.045171021	32.0
2.6214	425.498772929	25.0
2.6317	425.955183766	19.0
2.6419	426.405546977	18.0
2.6522	426.858699062	30.0
2.6624	427.305846702	26.0
2.6726	427.751402962	38.0
2.6829	428.199718328	47.0
2.6931	428.642093337	33.0
2.7034	429.087207753	30.0
2.7136	429.526424225	32.0
2.7238	429.964077545	41.0
2.7341	430.404441032	34.0
2.7443	430.838969528	31.0
2.7546	431.27618884	31.0
2.7648	431.707614823	33.0
2.775	432.137505379	39.0
2.7853	432.570058031	39.0
2.7955	432.996879188	33.0
2.8058	433.426343435	35.0
2.816	433.850117109	44.0
2.8262	434.272382591	40.0
2.8365	434.697262951	37.0
2.8467	435.116513478	43.0
2.857	435.538360212	35.0
2.8672	435.954617309	36.0
2.8774	436.369392965	54.0
2.8877	436.786737118	32.0
2.8979	437.198551295	28.0
2.9082	437.612915631	47.0
2.9184	438.021789474	54.0
2.9286	438.429208153	42.0
2.9389	438.839149771	45.0
2.9491	439.2436595	49.0
2.9594	439.650674154	38.0
2.9696	440.052295702	42.0
2.9798	440.452487896	47.0
2.9901	440.855158279	45.0
3.0003	441.252493119	45.0
3.0106	441.652288455	51.0
3.0208	442.046786343	47.0
3.031	442.439880231	49.0
3.0413	442.835408351	32.0
3.0515	443.225695566	49.0
3.0618	443.618399634	44.0
3.072	444.005900217	70.0
3.0822	444.392021702	50.0
3.0925	444.780534244	56.0
3.1027	445.163898839	56.0
3.113	445.549637419	50.0
3.1232	445.93026481	58.0
3.1334	446.309537563	60.0
3.1437	446.691158963	52.0
3.1539	447.067723727	47.0
3.1642	447.446620367	45.0
3.1744	447.820496477	37.0
3.1846	448.193041977	52.0
3.1949	448.567894464	35.0
3.2051	448.937780007	51.0
3.2154	449.309956065	51.0
3.2256	449.677200642	39.0
3.2358	450.043138212	43.0
3.2461	450.411341849	46.0
3.2563	450.774666642	33.0
3.2666	451.140241322	50.0
3.2768	451.500971993	39.0
3.287	451.860418838	35.0
3.2973	452.222091557	42.0
3.3075	452.578971969	56.0
3.3178	452.938062362	44.0
3.328	453.292394665	42.0
3.3382	453.645465913	39.0
3.3485	454.000723555	32.0
3.3587	454.351273892	42.0
3.369	454.703995011	40.0
3.3792	455.052042435	34.0
3.3894	455.398851173	34.0
3.3997	455.747807523	27.0
3.4099	456.092140062	32.0
3.4202	456.438604881	44.0
3.4304	456.780478902	41.0
3.4406	457.121136209	37.0
3.4509	457.463903035	33.0
3.4611	457.802128064	30.0
3.4714	458.142447551	37.0
3.4816	458.478257669	45.0
3.4918	458.812872654	40.0
3.5021	459.149559741	40.0
3.5123	459.48178559	28.0
3.5226	459.816068747	25.0
3.5328	460.14592252	39.0
3.543	460.474602357	39.0
3.5533	460.805317542	40.0
3.5635	461.131650621	36.0
3.5738	461.460004516	40.0
3.584	461.784007591	36.0
3.5942	462.106857553	34.0
3.6045	462.431706763	50.0
3.6147	462.752251592	32.0
3.625	463.074781393	44.0
3.6352	463.393037547	30.0
3.6454	463.71016104	30.0
3.6557	464.02924832	39.0
3.6659	464.344107567	44.0
3.6762	464.660916579	35.0
3.6864	464.973527745	38.0
3.6966	465.285026342	36.0
3.7069	465.598453892	41.0
3.7171	465.907728404	38.0
3.7274	466.218918096	35.0
3.7376	466.525984402	32.0
3.7478	466.831957872	37.0
3.7581	467.139826082	44.0
3.7683	467.443614915	23.0
3.7786	467.749284961	34.0
3.7888	468.050904756	40.0
3.799	468.3514511	49.0
3.8093	468.653858576	28.0
3.8195	468.952259033	23.0
3.8298	469.252507334	30.0
3.84	469.548777225	38.0
3.8502	469.843992705	35.0
3.8605	470.141036305	33.0
3.8707	470.43414396	37.0
3.881	470.729066684	34.0
3.8912	471.020081564	32.0
3.9014	471.310060734	38.0
3.9117	471.6018356	30.0
3.9219	471.889744333	41.0
3.9322	472.17943594	33.0
3.9424	472.465289018	37.0
3.9526	472.750124757	28.0
3.9629	473.036724341	28.0
3.9731	473.319526366	40.0
3.9834	473.604079642	36.0
3.9936	473.884862474	32.0
4.0038	474.164646012	39.0
4.0141	474.446162109	35.0
4.0243	474.723948005	32.0
4.0346	475.00345409	41.0
4.0448	475.279256609	29.0
4.055	475.554077558	33.0
4.0653	475.830600335	46.0
4.0755	476.103459075	28.0
4.0858	476.378007492	32.0
4.096	476.648918034	25.0
4.1062	476.918864416	28.0
4.1165	477.190482441	37.0
4.1267	477.458501419	33.0
4.137	477.728180104	35.0
4.1472	477.994285439	50.0
4.1574	478.259443717	34.0
4.1677	478.526243987	34.0
4.1779	478.789509046	40.0
4.1882	479.054404375	41.0
4.1984	479.315789734	32.0
4.2086	479.576244835	38.0
4.2189	479.838312803	34.0
4.2291	480.096908266	33.0
4.2394	480.357105081	38.0
4.2496	480.613854185	31.0
4.2598	480.869689529	33.0
4.2701	481.127109134	26.0
4.2803	481.381117826	26.0
4.2906	481.636699467	29.0
4.3008	481.888894549	34.0
4.311	482.140192079	34.0
4.3213	482.393045769	32.0
4.3315	482.642549047	31.0
4.3418	482.893597374	31.0
4.352	483.14131921	23.0
4.3622	483.388159415	31.0
4.3725	483.636528177	31.0
4.3827	483.881605954	29.0
4.393	484.128201375	26.0
4.4032	484.371529309	33.0
4.4134	484.613991248	22.0
4.4237	484.857954633	39.0
4.4339	485.098685406	17.0
4.4442	485.340906904	28.0
4.4544	485.57991887	26.0
4.4646	485.818080203	32.0
4.4749	486.05771635	33.0
4.4851	486.294177222	19.0
4.4954	486.532102378	35.0
4.5056	486.766874931	30.0
4.5158	487.000811938	30.0
4.5261	487.2361976	29.0
4.5363	487.468464308	32.0
4.5466	487.702169327	29.0
4.5568	487.932777662	20.0
4.567	488.162565271	28.0
4.5773	488.39377584	27.0
4.5875	488.621922776	22.0
4.5978	488.851482512	25.0
4.608	489.078000491	25.0
4.6182	489.303712301	36.0
4.6285	489.530821831	31.0
4.6387	489.75492207	30.0
4.649	489.980410049	31.0
4.6592	490.202910222	29.0
4.6694	490.424618527	18.0
4.6797	490.64769976	31.0
4.6899	490.867825078	23.0
4.7002	491.089313522	23.0
4.7104	491.307867155	46.0
4.7206	491.525642966	32.0
4.7309	491.744767352	22.0
4.7411	491.960988254	30.0
4.7514	492.178548103	30.0
4.7616	492.393225197	30.0
4.7718	492.607138265	27.0
4.7821	492.822375989	30.0
4.7923	493.034761727	34.0
4.8026	493.248462664	38.0
4.8128	493.459331978	20.0
4.823	493.669450817	28.0
4.8333	493.880870817	27.0
4.8435	494.089489417	31.0
4.8538	494.299399888	26.0
4.864	494.506528962	36.0
4.8742	494.712920872	23.0
4.8845	494.920590864	24.0
4.8947	495.125509145	32.0
4.905	495.331696383	22.0
4.9152	495.535151557	28.0
4.9254	495.737882643	27.0
4.9357	495.941869142	32.0
4.9459	496.143152737	31.0
4.9562	496.345682782	36.0
4.9664	496.545529222	20.0
4.9766	496.744664417	21.0
4.9869	496.945032757	37.0
4.9971	497.142746137	23.0
5.0074	497.341683856	14.0
5.0176	497.537985571	33.0
5.0278	497.733588657	27.0
5.0381	497.930403015	32.0
5.0483	498.124609504	31.0
5.0586	498.320018616	35.0
5.0688	498.51283848	23.0
5.079	498.704972106	22.0
5.0893	498.898295519	26.0
5.0995	499.08905732	22.0
5.1098	499.281000413	27.0
5.12	499.470400184	32.0
5.1302	499.659125889	32.0
5.1405	499.849020277	36.0
5.1507	500.036398489	30.0
5.161	500.224937041	18.0
5.1712	500.410977382	32.0
5.1814	500.596355613	29.0
5.1917	500.782881798	19.0
5.2019	500.966936437	30.0
5.2122	501.152130834	30.0
5.2224	501.334871332	32.0
5.2326	501.516961464	24.0
5.2429	501.700179189	41.0
5.2531	501.880969206	26.0
5.2634	502.062878765	31.0
5.2736	502.242377949	19.0
5.2838	502.421238304	34.0
5.2941	502.601206251	30.0
5.3043	502.778789552	36.0
5.3146	502.957472536	23.0
5.3248	503.1337879	31.0
5.335	503.309475765	30.0
5.3453	503.486251577	21.0
5.3555	503.660685039	36.0
5.3658	503.836198679	25.0
5.376	504.009386695	29.0
5.3862	504.181958341	21.0
5.3965	504.355598637	35.0
5.4067	504.52693813	13.0
5.417	504.699338642	21.0
5.4272	504.869454779	33.0
5.4374	505.03896548	19.0
5.4477	505.209525876	41.0
5.4579	505.377826278	22.0
5.4682	505.547168881	20.0
5.4784	505.714267626	21.0
5.4886	505.880771674	23.0
5.4989	506.048306799	25.0
5.5091	506.213622016	17.0
5.5194	506.379960947	29.0
5.5296	506.544095821	24.0
5.5398	506.707646546	19.0
5.5501	506.872210059	23.0
5.5603	507.03459304	18.0
5.5706	507.197981577	23.0
5.5808	507.35920515	31.0
5.591	507.519854936	22.0
5.6013	507.681499546	12.0
5.6115	507.8410023	18.0
5.6218	508.001492774	18.0
5.632	508.159856686	22.0
5.6422	508.317656988	14.0
5.6525	508.476434467	16.0
5.6627	508.633108082	15.0
5.673	508.790751898	23.0
5.6832	508.94630687	16.0
5.6934	509.101308229	24.0
5.7037	509.257269434	22.0
5.7139	509.41116409	16.0
5.7242	509.566011739	13.0
5.7344	509.718807595	17.0
5.7446	509.871059657	19.0
5.7549	510.024254539	10.0
5.7651	510.175419529	28.0
5.7754	510.327520607	14.0
5.7856	510.477606285	23.0
5.7958	510.627157815	24.0
5.8061	510.777635443	13.0
5.8163	510.926119182	18.0
5.8266	511.075522406	6.0
5.8368	511.222945978	19.0
5.847	511.369844876	15.0
5.8573	511.517653445	22.0
5.8675	511.663503491	6.0
5.8778	511.810256714	16.0
5.888	511.955065398	16.0
5.8982	512.099358714	20.0
5.9085	512.244545567	13.0
5.9187	512.387808635	7.0
5.929	512.53195886	10.0
5.9392	512.674199037	11.0
5.9494	512.815932988	13.0
5.9597	512.958544625	10.0
5.9699	513.099266602	13.0
5.9802	513.240859999	7.0
5.9904	513.380577228	8.0
6.0006	513.519797208	6.0
6.0109	513.659879308	9.0
6.0211	513.798105265	12.0
6.0314	513.937187185	11.0
6.0416	514.074426215	10.0
6.0518	514.211176817	12.0
6.0621	514.348774246	7.0
6.0723	514.484548455	7.0
6.0826	514.621163446	11.0
6.0928	514.755968233	13.0
6.103	514.890293256	6.0
6.1133	515.025450087	14.0
6.1235	515.158816035	5.0
6.1338	515.293007852	4.0
6.144	515.425421574	9.0
6.1542	515.557364041	7.0
6.1645	515.690123562	9.0
6.1747	515.821123966	5.0
6.185	515.95293559	5.0
6.1952	516.083000658	6.0
6.2054	516.212602829	7.0
6.2157	516.343007562	9.0
6.2259	516.47168438	7.0
6.2362	516.601158028	3.0
6.2464	516.7289161	5.0
6.2566	516.856219486	4.0
6.2669	516.984311198	5.0
6.2771	517.110705644	6.0
6.2874	517.237882787	6.0
6.2976	517.363374782	6.0
6.3078	517.488420157	3.0
6.3181	517.614239875	8.0
6.3283	517.738392432	3.0
6.3386	517.863313803	7.0
6.3488	517.986579916	5.0
6.359	518.10940733	5.0
6.3693	518.232995353	2.0
6.3795	518.354945786	7.0
6.3898	518.477651396	4.0
6.4	518.598731108	2.0
6.4102	518.719379902	3.0
6.4205	518.840775814	3.0
6.4307	518.960563182	4.0
6.441	519.081092333	4.0
6.4512	519.200024424	2.0
6.4614	519.318533242	1.0
6.4717	519.437775924	1.0
6.4819	519.555438594	2.0
6.4922	519.67382989	5.0
6.5024	519.790652454	2.0
6.5126	519.907059252	2.0
6.5229	520.024186898	1.0
6.5331	520.139762556	3.0
6.5434	520.256053917	3.0
6.5536	520.37080437	0.0
6.5638	520.485146432	2.0
6.5741	520.600196557	3.0
6.5843	520.713722221	1.0
6.5946	520.827950893	1.0
6.6048	520.94066599	2.0
6.615	521.052979939	0.0
6.6253	521.165989391	0.0
6.6355	521.277501423	1.0
6.6458	521.389703994	1.0
6.656	521.500419835	1.0
6.6662	521.610741644	1.0
6.6765	521.72174662	2.0
6.6867	521.831280736	1.0
6.697	521.941493142	5.0
6.7072	522.050245189	1.0
6.7174	522.158610193	1.0
6.7277	522.267646247	1.0
6.7379	522.375237529	1.0
6.7482	522.483495071	1.0
6.7584	522.590318157	2.0
6.7686	522.696761064	0.0
6.7789	522.803863119	1.0
6.7891	522.909546028	0.0
6.7994	523.015883379	3.0
6.8096	523.120811718	1.0
6.8198	523.225366621	1.0
6.8301	523.330568981	1.0
6.8403	523.434377367	1.0
6.8506	523.538828586	1.0
6.8608	523.641895785	2.0
6.871	523.744596173	1.0
6.8813	523.847932532	0.0
6.8915	523.949899643	1.0
6.9018	524.052498186	0.0
6.912	524.153737257	1.0
6.9222	524.254616023	1.0
6.9325	524.35611948	1.0
6.9427	524.456277976	0.0
6.953	524.557056703	3.0
6.9632	524.656500072	3.0
6.9734	524.755589526	3.0
6.9837	524.855292591	0.0
6.9939	524.953674551	1.0
7.0042	525.052665742	2.0
7.0144	525.150345259	3.0
7.0246	525.247677139	2.0
7.0349	525.345611747	2.0
7.0451	525.442248682	2.0
7.0554	525.539484042	1.0
7.0656	525.635430994	0.0
7.0758	525.731036475	1.0
7.0861	525.827233992	2.0
7.0963	525.922156855	1.0
7.1066	526.017667527	1.0
7.1168	526.111912644	1.0
7.127	526.205822347	0.0
7.1373	526.300313586	0.0
7.1475	526.393552779	0.0
7.1578	526.487369354	2.0
7.168	526.579942823	1.0
7.1782	526.672186827	2.0
7.1885	526.765002052	2.0
7.1987	526.856587438	1.0
7.209	526.948739966	1.0
7.2192	527.039671436	0.0
7.2294	527.130279286	1.0
7.2397	527.221448224	0.0
7.2499	527.311409138	1.0
7.2602	527.401927134	0.0
7.2704	527.491245731	0.0
7.2806	527.580246447	1.0
7.2909	527.669798299	1.0
7.3011	527.758163554	0.0
7.3114	527.847076011	0.0
7.3216	527.934810342	0.0
7.3318	528.02223243	0.0
7.3421	528.11019588	0.0
7.3523	528.196993778	3.0
7.3626	528.284329173	2.0
7.3728	528.370507339	0.0
7.383	528.4563788	3.0
7.3933	528.54278202	0.0
7.4035	528.628040364	1.0
7.4138	528.713826669	1.0
7.424	528.798476271	0.0
7.4342	528.88282461	0.0
7.4445	528.967695275	1.0
7.4547	529.05144137	1.0
7.465	529.135706063	1.0
7.4752	529.218854215	2.0
7.4854	529.301706446	1.0
7.4957	529.385071739	1.0
7.5059	529.467332409	0.0
7.5162	529.550102479	1.0
7.5264	529.631775811	0.0
7.5366	529.713158472	0.0
7.5469	529.795045095	1.0
7.5571	529.875846688	2.0
7.5674	529.957148644	1.0
7.5776	530.037373317	1.0
7.5878	530.117312474	0.0
7.5981	530.197746654	0.0
7.6083	530.277115049	0.0
7.6186	530.356974932	0.0
7.6288	530.43577664	1.0
7.639	530.514297897	0.0
7.6493	530.593305396	0.0
7.6595	530.671266014	0.0
7.6698	530.749709404	1.0
7.68	530.827113387	2.0
7.6902	530.904241892	1.0
7.7005	530.981848016	0.0
7.7107	531.058425828	2.0
7.721	531.135477848	1.0
7.7312	531.211508897	0.0
7.7414	531.287269356	1.0
7.7517	531.363498961	0.0
7.7619	531.438718493	0.0
7.7722	531.514403823	2.0
7.7824	531.589086291	2.0
7.7926	531.663502968	3.0
7.8029	531.73838047	1.0
7.8131	531.812265815	2.0
7.8234	531.886608695	0.0
7.8336	531.959966502	1.0
7.8438	532.033063232	1.0
7.8541	532.106612613	1.0
7.8643	532.179187436	1.0
7.8746	532.252211678	1.0
7.8848	532.32426832	0.0
7.895	532.396068516	0.0
7.9053	532.468313334	0.0
7.9155	532.539600879	0.0
7.9258	532.611329872	1.0
7.936	532.682108428	1.0
7.9462	532.752635086	0.0
7.9565	532.82359848	1.0
7.9667	532.89362158	0.0
7.977	532.964078299	1.0
7.9872	533.033601438	2.0
7.9974	533.102877147	1.0
8.0077	533.172581846	0.0
8.0179	533.24136293	0.0
8.0282	533.310569941	1.0
8.0384	533.378859931	0.0
8.0486	533.44690688	1.0
8.0589	533.51537521	1.0
8.0691	533.582936307	1.0
8.0794	533.650915776	0.0
8.0896	533.71799449	0.0
8.0998	533.784834473	1.0
8.1101	533.852088363	2.0
8.1203	533.918451113	0.0
8.1306	533.985224813	1.0
8.1408	534.051113736	0.0
8.151	534.116768162	0.0
8.1613	534.182829153	1.0
8.1715	534.24801481	0.0
8.1818	534.31360413	0.0
8.192	534.378324364	0.0
8.2022	534.442814262	0.0
8.2125	534.507703513	0.0
8.2227	534.571732956	0.0
8.233	534.636158902	2.0
8.2432	534.699731178	0.0
8.2534	534.763077202	0.0
8.2637	534.826815497	2.0
8.2739	534.889709235	3.0
8.2842	534.952992441	0.0
8.2944	535.01543712	0.0
8.3046	535.077659561	0.0
8.3149	535.140267314	0.0
8.3251	535.20204549	0.0
8.3354	535.264206226	1.0
8.3456	535.325543309	0.0
8.3558	535.386662095	0.0
8.3661	535.448159359	0.0
8.3763	535.50884176	1.0
8.3866	535.569899937	1.0
8.3968	535.630149068	1.0
8.407	535.690183776	1.0
8.4173	535.750590248	2.0
8.4275	535.81019631	1.0
8.4378	535.870171483	1.0
8.448	535.929351961	1.0
8.4582	535.988321818	1.0
8.4685	536.047656846	0.0
8.4787	536.106205661	0.0
8.489	536.16511704	0.0
8.4992	536.223247819	1.0
8.5094	536.281171713	0.0
8.5197	536.339454301	0.0
8.5299	536.396964622	2.0
8.5402	536.454831075	1.0
8.5504	536.511930774	0.0
8.5606	536.568827258	1.0
8.5709	536.626076074	0.0
8.5811	536.68256632	0.0
8.5914	536.739406381	0.0
8.6016	536.795493289	0.0
8.6118	536.851380587	2.0
8.6221	536.907613966	1.0
8.6323	536.96310223	0.0
8.6426	537.018934106	0.0
8.6528	537.074026187	1.0
8.663	537.128922197	0.0
8.6733	537.184158151	0.0
8.6835	537.238662207	0.0
8.6938	537.293503779	0.0
8.704	537.347618678	1.0
8.7142	537.401540985	0.0
8.7245	537.455797205	0.0
8.7347	537.509334509	2.0
8.745	537.563203343	0.0
8.7552	537.616358393	0.0
8.7654	537.669324266	0.0
8.7757	537.722618131	2.0
8.7859	537.77520583	0.0
8.7962	537.828119179	0.0
8.8064	537.880331405	0.0
8.8166	537.93235781	2.0
8.8269	537.984706388	1.0
8.8371	538.036361327	0.0
8.8474	538.088336139	0.0
8.8576	538.139622264	0.0
8.8678	538.190725864	1.0
8.8781	538.242145922	0.0
8.8883	538.292884645	0.0
8.8986	538.343937567	0.0
8.9088	538.394314017	0.0
8.919	538.44451118	2.0
8.9293	538.495019188	1.0
8.9395	538.544857946	1.0
8.9498	538.595005329	0.0
8.96	538.64448824	0.0
8.9702	538.693795044	1.0
8.9805	538.743407179	0.0
8.9907	538.792361935	0.0
9.001	538.841619842	0.0
9.0112	538.890225062	0.0
9.0214	538.938657299	2.0
9.0317	538.987389452	1.0
9.0419	539.035475885	0.0
9.0522	539.083860093	0.0
9.0624	539.13160319	0.0
9.0726	539.179176372	3.0
9.0829	539.227044151	0.0
9.0931	539.274277663	0.0
9.1034	539.321803669	2.0
9.1136	539.368699935	2.0
9.1238	539.4154293	0.0
9.1341	539.462448037	1.0
9.1443	539.508843756	0.0
9.1546	539.555526781	0.0
9.1648	539.601591238	1.0
9.175	539.647491752	2.0
9.1853	539.693676506	0.0
9.1955	539.739249293	3.0
9.2058	539.78510429	0.0
9.216	539.83035169	1.0
9.2262	539.875438056	1.0
9.2365	539.920803619	0.0
9.2467	539.965568071	2.0
9.257	540.010609726	1.0
9.2672	540.055054562	0.0
9.2774	540.09934122	0.0
9.2877	540.143902123	0.0
9.2979	540.187872577	0.0
9.3082	540.232115318	0.0
9.3184	540.275771824	0.0
9.3286	540.319272959	0.0
9.3389	540.363043475	1.0
9.3491	540.406234014	2.0
9.3594	540.44969201	0.0
9.3696	540.492574171	0.0
9.3798	540.535303715	0.0
9.3901	540.578297863	1.0
9.4003	540.62072232	1.0
9.4106	540.663409492	1.0
9.4208	540.705531041	0.0
9.431	540.747502681	0.0
9.4413	540.789734231	1.0
9.4515	540.831406195	0.0
9.4618	540.873336214	1.0
9.472	540.914710643	0.0
9.4822	540.955937822	0.0
9.4925	540.9974203	0.0
9.5027	541.038353119	0.0
9.513	541.079539414	0.0
9.5232	541.120179975	0.0
9.5334	541.160675898	1.0
9.5437	541.201422591	0.0
9.5539	541.241629375	0.0
9.5642	541.282085139	2.0
9.5744	541.322004848	0.0
9.5846	541.361782484	0.0
9.5949	541.401806443	0.0
9.6051	541.441300069	0.0
9.6154	541.48103826	0.0
9.6256	541.520249903	0.0
9.6358	541.559321994	0.0
9.6461	541.598636038	1.0
9.6563	541.637429156	1.0
9.6666	541.676462501	0.0
9.6768	541.714978637	0.0
9.687	541.753357697	1.0
9.6973	541.791974419	1.0
9.7075	541.830079454	0.0
9.7178	541.868420454	5.0
9.728	541.906253421	1.0
9.7382	541.943951742	1.0
9.7485	541.981883509	0.0
9.7587	542.019312666	1.0
9.769	542.056973602	1.0
9.7792	542.094135516	2.0
9.7894	542.131165173	1.0
9.7997	542.168424135	1.0
9.8099	542.205189402	1.0
9.8202	542.242182337	1.0
9.8304	542.278685101	2.0
9.8406	542.315057954	0.0
9.8509	542.351656045	1.0
9.8611	542.387769197	1.0
9.8714	542.42410598	1.0
9.8816	542.459961285	0.0
9.8918	542.495688984	0.0
9.9021	542.531637926	1.0
9.9123	542.56711053	1.0
9.9226	542.602802798	0.0
9.9328	542.638022129	1.0
9.943	542.673116117	0.0
9.9533	542.708427423	1.0
9.9635	542.743270841	0.0
9.9738	542.778330027	0.0
9.984	542.812924664	0.0
9.9942	542.847396181	1.0
10.0045	542.882081163	0.0
10.0147	542.916306554	1.0
10.025	542.950743887	1.0
10.0352	542.984724911	1.0
10.0454	543.018584998	1.0
10.0557	543.052654763	1.0
10.0659	543.086273091	1.0
10.0762	543.1200996	0.0
10.0864	543.153477894	0.0
10.0966	543.186737396	1.0
10.1069	543.220202858	1.0
10.1171	543.253224889	0.0
10.1274	543.286451409	0.0
10.1376	543.319237664	1.0
10.1478	543.351907235	0.0
10.1581	543.384779111	1.0
10.1683	543.417215423	0.0
10.1786	543.449852596	0.0
10.1888	543.482057313	0.0
10.199	543.514147415	0.0
10.2093	543.546436235	0.0
10.2195	543.578297216	1.0
10.2298	543.610355495	2.0
10.24	543.64198899	0.0
10.2502	543.673509902	1.0
10.2605	543.705226008	0.0
10.2707	543.736521862	0.0
10.281	543.768011516	1.0
10.2912	543.799083919	0.0
10.3014	543.830045738	0.0
10.3117	543.861199287	0.0
10.3219	543.891940039	0.0
10.3322	543.922871153	2.0
10.3424	543.953392418	1.0
10.3526	543.983805059	0.0
10.3629	544.01440603	1.0
10.3731	544.044601526	3.0
10.3834	544.074984007	0.0
10.3936	544.104963909	0.0
10.4038	544.134837113	0.0
10.4141	544.164895307	0.0
10.4243	544.194555218	0.0
10.4346	544.224398798	0.0
10.4448	544.253846939	0.0
10.455	544.283190275	0.0
10.4653	544.31271532	0.0
10.4755	544.341849146	0.0
10.4858	544.371163383	0.0
10.496	544.400089195	0.0
10.5062	544.428912061	0.0
10.5165	544.457913412	0.0
10.5267	544.486530484	0.0
10.537	544.515324768	0.0
10.5472	544.543737515	0.0
10.5574	544.572049143	0.0
10.5677	544.600536091	1.0
10.5779	544.628645575	0.0
10.5882	544.656929127	3.0
10.5984	544.684837911	0.0
10.6086	544.712647369	1.0
10.6189	544.740629036	1.0
10.6291	544.768239936	0.0
10.6394	544.796021816	1.0
10.6496	544.823435574	1.0
10.6598	544.850751769	0.0
10.6701	544.878237119	1.0
10.6803	544.905358277	1.0
10.6906	544.932647383	1.0
10.7008	544.959574897	0.0
10.711	544.986406578	1.0
10.7213	545.013404413	0.0
10.7315	545.040044517	0.0
10.7418	545.066849589	3.0
10.752	545.093299483	0.0
10.7622	545.119655244	0.0
10.7725	545.146174212	2.0
10.7827	545.172341794	0.0
10.793	545.198671418	0.0
10.8032	545.224652164	0.0
10.8134	545.250540446	1.0
10.8237	545.276589041	2.0
10.8339	545.302292481	0.0
10.8442	545.328155091	0.0
10.8544	545.35367501	0.0
10.8646	545.379104105	0.0
10.8749	545.40469067	0.0
10.8851	545.429938202	0.0
10.8954	545.45534208	0.0
10.9056	545.480409346	0.0
10.9158	545.505387399	1.0
10.9261	545.530520129	0.0
10.9363	545.555319839	2.0
10.9466	545.580273122	0.0
10.9568	545.604895765	0.0
10.967	545.629430776	0.0
10.9773	545.65411772	1.0
10.9875	545.678477552	0.0
10.9978	545.702988233	0.0
11.008	545.727174137	0.0
11.0182	545.751273964	0.0
11.0285	545.77552303	0.0
11.0387	545.799450786	0.0
11.049	545.823526715	1.0
11.0592	545.847283628	1.0
11.0694	545.870955991	0.0
11.0797	545.894774945	0.0
11.0899	545.918278289	0.0
11.1002	545.941927176	0.0
11.1104	545.965262707	2.0
11.1206	545.988515188	0.0
11.1309	546.011911659	1.0
11.1411	546.034998118	2.0
11.1514	546.05822754	0.0
11.1616	546.081149163	0.0
11.1718	546.103989209	0.0
11.1821	546.126970691	0.0
11.1923	546.14964766	0.0
11.2026	546.172465056	1.0
11.2128	546.194980112	0.0
11.223	546.217415039	0.0
11.2333	546.239988893	0.0
11.2435	546.262263635	2.0
11.2538	546.284676313	1.0
11.264	546.306792014	0.0
11.2742	546.328829007	1.0
11.2845	546.351002463	1.0
11.2947	546.372882113	1.0
11.305	546.394897252	0.0
11.3152	546.416620681	2.0
11.3254	546.438266798	0.0
11.3357	546.460046959	1.0
11.3459	546.481538523	1.0
11.3562	546.503163174	2.0
11.3664	546.52450129	0.0
11.3766	546.545763465	0.0
11.3869	546.567157305	0.0
11.3971	546.588267669	0.0
11.4074	546.609508758	1.0
11.4176	546.630468395	0.0
11.4278	546.651353437	2.0
11.4381	546.672367809	1.0
11.4483	546.693103733	0.0
11.4586	546.713968064	1.0
11.4688	546.734555934	1.0
11.479	546.755070533	2.0
11.4893	546.775712169	1.0
11.4995	546.796080295	1.0
11.5098	546.81657455	0.0
11.52	546.836797248	0.0
11.5302	546.856947975	0.0
11.5405	546.877223484	0.0
11.5507	546.897230336	2.0
11.561	546.917361079	0.0
11.5712	546.937225083	1.0
11.5814	546.957018391	0.0
11.5917	546.976934269	1.0
11.6019	546.996586254	1.0
11.6122	547.016359934	1.0
11.6224	547.035871604	2.0
11.6326	547.055313834	0.0
11.6429	547.074876459	2.0
11.6531	547.094179872	0.0
11.6634	547.113602821	1.0
11.6736	547.132768408	0.0
11.6838	547.151865786	0.0
11.6941	547.171081424	1.0
11.7043	547.190042448	0.0
11.7146	547.209120887	2.0
11.7248	547.22794653	0.0
11.735	547.246705173	1.0
11.7453	547.265579979	1.0
11.7555	547.284204686	0.0
11.7658	547.302944726	0.0
11.776	547.321436454	0.0
11.7862	547.33986237	0.0
11.7965	547.358402389	1.0
11.8067	547.376696745	1.0
11.817	547.395104389	0.0
11.8272	547.413268124	1.0
11.8374	547.431367216	1.0
11.8477	547.449578386	0.0
11.8579	547.46754825	3.0
11.8682	547.485629393	0.0
11.8784	547.503470954	0.0
11.8886	547.521249017	0.0
11.8989	547.539137171	0.0
11.9091	547.5567883	0.0
11.9194	547.574548734	3.0
11.9296	547.592073834	0.0
11.9398	547.609536564	2.0
11.9501	547.627107431	0.0
11.9603	547.644445477	1.0
11.9706	547.66189089	1.0
11.9808	547.679105143	1.0
11.991	547.696258132	1.0
12.0013	547.713517341	0.0
12.0115	547.730547858	1.0
12.0218	547.747683837	2.0
12.032	547.764592757	2.0
12.0422	547.781441499	0.0
12.0525	547.798394577	0.0
12.0627	547.815123019	0.0
12.073	547.831955053	0.0
12.0832	547.848564056	1.0
12.0934	547.865113947	0.0
12.1037	547.881766324	1.0
12.1139	547.898198051	1.0
12.1242	547.91473153	1.0
[END DATA]
