TL-DOS Lehrstuhlversuch
detector=R1406805
job_number=2015-10-15-006
irradiation_dose [mSv]=1.0

[BEGIN DATA]
time [sec] 	 temperature [K] 	 photoncount 
0.0	162.976635767	0.0
0.0102	164.395940618	0.0
0.0205	165.824010342	0.0
0.0307	167.233133725	0.0
0.041	168.650959106	0.0
0.0512	170.049974059	0.0
0.0614	171.443986499	0.0
0.0717	172.84660762	3.0
0.0819	174.230620029	1.0
0.0922	175.623179364	4.0
0.1024	176.997263478	0.0
0.1126	178.366434226	1.0
0.1229	179.744060245	0.0
0.1331	181.103409165	0.0
0.1434	182.471152702	2.0
0.1536	183.820750252	1.0
0.1638	185.165521993	2.0
0.1741	186.51859833	1.0
0.1843	187.853723271	2.0
0.1946	189.197093235	0.0
0.2048	190.522640577	2.0
0.215	191.843448109	0.0
0.2253	193.172412246	0.0
0.2355	194.483744886	1.0
0.2458	195.80317562	0.0
0.256	197.105101338	1.0
0.2662	198.402371709	0.0
0.2765	199.707653332	0.0
0.2867	200.995617657	0.0
0.297	202.291535765	0.0
0.3072	203.570260801	0.0
0.3174	204.84441345	0.0
0.3277	206.126434589	0.0
0.3379	207.391447028	0.0
0.3482	208.664271512	0.0
0.3584	209.92020931	0.0
0.3686	211.171656201	0.0
0.3789	212.430831364	0.0
0.3891	213.673300927	0.0
0.3994	214.923443321	0.0
0.4096	216.156999955	0.0
0.4198	217.386145712	0.0
0.4301	218.62288202	0.0
0.4403	219.843210426	0.0
0.4506	221.071074933	0.0
0.4608	222.282649241	0.0
0.471	223.489891276	0.0
0.4813	224.704588596	0.0
0.4915	225.903170409	0.0
0.5018	227.109154025	0.0
0.512	228.29913774	1.0
0.5222	229.484866383	0.0
0.5325	230.677917456	0.0
0.5427	231.855140204	1.0
0.553	233.039632855	0.0
0.5632	234.208410725	0.0
0.5734	235.373009352	1.0
0.5837	236.54479992	0.0
0.5939	237.701044229	0.0
0.6042	238.864428888	0.0
0.6144	240.012378809	1.0
0.6246	241.156223961	0.0
0.6349	242.307132893	0.0
0.6451	243.442772604	0.0
0.6554	244.585425422	1.0
0.6656	245.712918554	2.0
0.6758	246.836380065	0.0
0.6861	247.966779477	2.0
0.6963	249.082181769	0.0
0.7066	250.204472194	0.0
0.7168	251.311873082	0.0
0.727	252.415314193	0.0
0.7373	253.525569571	0.0
0.7475	254.621095082	1.0
0.7578	255.723385976	1.0
0.768	256.81105267	0.0
0.7782	257.894830151	0.0
0.7885	258.985300466	0.0
0.7987	260.061303405	0.0
0.809	261.143951167	0.0
0.8192	262.212235335	0.0
0.8294	263.276699597	0.0
0.8397	264.347737426	0.0
0.8499	265.404565691	0.0
0.8602	266.467920366	0.0
0.8704	267.51716741	0.0
0.8806	268.562662621	0.0
0.8909	269.614614255	0.0
0.9011	270.652609544	0.0
0.9114	271.69701494	0.0
0.9216	272.727564108	0.0
0.9318	273.754428301	0.0
0.9421	274.787633862	0.0
0.9523	275.807131783	0.0
0.9626	276.832925582	0.0
0.9728	277.845110075	0.0
0.983	278.85367526	1.0
0.9933	279.868468808	0.0
1.0035	280.869798991	3.0
1.0138	281.877312857	0.0
1.024	282.871459938	0.0
1.0342	283.862052208	0.0
1.0445	284.858761851	0.0
1.0547	285.842248049	0.0
1.065	286.831807735	0.0
1.0752	287.808238836	1.0
1.0854	288.781178475	0.0
1.0957	289.760126472	0.0
1.1059	290.72608667	1.0
1.1162	291.698012125	0.0
1.1264	292.65704295	0.0
1.1366	293.612644532	1.0
1.1469	294.574147401	0.0
1.1571	295.522893917	0.0
1.1674	296.477499388	0.0
1.1776	297.419440015	0.0
1.1878	298.358012508	0.0
1.1981	299.302381126	0.0
1.2083	300.234220714	0.0
1.2186	301.171814848	0.0
1.2288	302.096969828	0.0
1.239	303.018816696	0.0
1.2493	303.946356401	0.0
1.2595	304.861590346	0.0
1.2698	305.782476289	0.0
1.28	306.691144749	0.0
1.2902	307.596564047	1.0
1.3005	308.507574734	0.0
1.3107	309.406498953	0.0
1.321	310.310974451	1.0
1.3312	311.203450183	0.0
1.3414	312.092734656	1.0
1.3517	312.987510877	1.0
1.3619	313.870416014	1.0
1.3722	314.758773505	0.0
1.3824	315.635345069	1.0
1.3926	316.508782243	1.0
1.4029	317.387613301	0.0
1.4131	318.254784821	0.0
1.4234	319.127311532	1.0
1.4336	319.988262346	0.0
1.4438	320.846134624	1.0
1.4541	321.709304666	1.0
1.4643	322.561022946	0.0
1.4746	323.418000987	2.0
1.4848	324.263609415	0.0
1.495	325.106194169	0.0
1.5053	325.953982279	1.0
1.5155	326.790522701	0.0
1.5258	327.632229152	0.0
1.536	328.462768601	0.0
1.5462	329.290338258	0.0
1.5565	330.123018546	0.0
1.5667	330.944651583	1.0
1.577	331.771358589	3.0
1.5872	332.587097592	1.0
1.5974	333.399919726	3.0
1.6077	334.217761418	1.0
1.6179	335.024752723	3.0
1.6282	335.836727579	5.0
1.6384	336.637929884	3.0
1.6486	337.4362673	1.0
1.6589	338.239534823	1.0
1.6691	339.032145317	0.0
1.6794	339.829650553	4.0
1.6896	340.616575209	0.0
1.6998	341.400686027	3.0
1.7101	342.189639098	6.0
1.7203	342.968125051	4.0
1.7306	343.75141852	3.0
1.7408	344.524319958	2.0
1.751	345.294457702	5.0
1.7613	346.069351407	6.0
1.7715	346.833964522	5.0
1.7818	347.603299482	6.0
1.792	348.362427599	7.0
1.8022	349.118841272	5.0
1.8125	349.879926155	6.0
1.8227	350.63091365	9.0
1.833	351.386538845	3.0
1.8432	352.132139086	6.0
1.8534	352.875073255	12.0
1.8637	353.622595392	10.0
1.8739	354.360200079	8.0
1.8842	355.102359821	3.0
1.8944	355.834673257	14.0
1.9046	356.564368131	21.0
1.9149	357.298569213	7.0
1.9251	358.023029578	9.0
1.9354	358.751963825	15.0
1.9456	359.47122723	15.0
1.9558	360.187918737	19.0
1.9661	360.90903615	18.0
1.9763	361.620586428	15.0
1.9866	362.336530862	20.0
1.9968	363.042976792	13.0
2.007	363.746896655	19.0
2.0173	364.455163554	21.0
2.0275	365.154033806	21.0
2.0378	365.85721991	31.0
2.048	366.551076775	26.0
2.0582	367.242452589	30.0
2.0685	367.938097972	29.0
2.0787	368.624514161	27.0
2.089	369.315169291	33.0
2.0992	369.996661432	37.0
2.1094	370.675716735	32.0
2.1197	371.358965523	23.0
2.1299	372.033149582	43.0
2.1402	372.711497044	33.0
2.1504	373.380844804	42.0
2.1606	374.047799151	39.0
2.1709	374.718872254	41.0
2.1811	375.381042164	53.0
2.1914	376.047301284	57.0
2.2016	376.70472108	59.0
2.2118	377.359790113	55.0
2.2221	378.018904505	56.0
2.2323	378.669274362	76.0
2.2426	379.323660558	68.0
2.2528	379.969364947	72.0
2.263	380.612760467	80.0
2.2733	381.260129256	79.0
2.2835	381.898909339	74.0
2.2938	382.541634189	84.0
2.304	383.175831946	88.0
2.3142	383.807761977	77.0
2.3245	384.443594472	96.0
2.3347	385.070991316	93.0
2.345	385.702262629	85.0
2.3552	386.325158803	96.0
2.3654	386.945827664	97.0
2.3757	387.570329446	119.0
2.3859	388.186545901	114.0
2.3962	388.806567783	128.0
2.4064	389.418363773	138.0
2.4166	390.02797214	125.0
2.4269	390.641345125	140.0
2.4371	391.246580431	132.0
2.4474	391.855553348	128.0
2.4576	392.456446962	151.0
2.4678	393.055191938	137.0
2.4781	393.657634444	161.0
2.4883	394.252084287	175.0
2.4986	394.850205136	171.0
2.5088	395.440390657	159.0
2.519	396.028465829	156.0
2.5293	396.620172641	184.0
2.5395	397.204029221	194.0
2.5498	397.791491389	188.0
2.56	398.371159638	181.0
2.5702	398.948755146	209.0
2.5805	399.529917576	209.0
2.5907	400.103369668	212.0
2.601	400.680363095	193.0
2.6112	401.249701494	181.0
2.6214	401.817004088	188.0
2.6317	402.387810041	191.0
2.6419	402.951043056	207.0
2.6522	403.517754298	210.0
2.6624	404.076946927	214.0
2.6726	404.63414003	198.0
2.6829	405.19477406	206.0
2.6931	405.747970105	207.0
2.7034	406.304582394	185.0
2.7136	406.853810054	199.0
2.7238	407.401073819	212.0
2.7341	407.951717194	197.0
2.7443	408.495055129	197.0
2.7546	409.041748432	189.0
2.7648	409.5811887	170.0
2.775	410.118700071	166.0
2.7853	410.659530827	173.0
2.7955	411.193186328	176.0
2.8058	411.730137403	161.0
2.816	412.259964694	149.0
2.8262	412.787897462	134.0
2.8365	413.319090462	147.0
2.8467	413.843236073	139.0
2.857	414.370618528	146.0
2.8672	414.891004149	150.0
2.8774	415.409529007	115.0
2.8877	415.931255999	132.0
2.8979	416.446061187	130.0
2.9082	416.96404554	117.0
2.9184	417.475157743	102.0
2.9286	417.984442342	103.0
2.9389	418.496872013	85.0
2.9491	419.002503229	108.0
2.9594	419.511256954	76.0
2.9696	420.013260995	119.0
2.9798	420.51347	106.0
2.9901	421.01676803	97.0
3.0003	421.513388755	109.0
3.0106	422.013076347	110.0
3.0208	422.506134535	87.0
3.031	422.997429675	108.0
3.0413	423.491758793	119.0
3.0515	423.979529598	104.0
3.0618	424.470312617	74.0
3.072	424.954584369	105.0
3.0822	425.437124492	105.0
3.0925	425.922644527	102.0
3.1027	426.401723119	96.0
3.113	426.883760247	103.0
3.1232	427.359402141	87.0
3.1334	427.833343263	106.0
3.1437	428.310211195	102.0
3.1539	428.780752472	95.0
3.1642	429.254199563	102.0
3.1744	429.721365385	114.0
3.1846	430.186860744	106.0
3.1949	430.655230755	108.0
3.2051	431.117386855	135.0
3.2154	431.582396986	137.0
3.2256	432.041237782	119.0
3.2358	432.498437883	148.0
3.2461	432.958461409	132.0
3.2563	433.412381758	102.0
3.2666	433.869105278	117.0
3.2768	434.319769402	135.0
3.287	434.768822069	154.0
3.2973	435.220647847	147.0
3.3075	435.666479208	139.0
3.3178	436.115063787	130.0
3.328	436.55769695	129.0
3.3382	436.998747373	156.0
3.3485	437.442521488	152.0
3.3587	437.880408009	169.0
3.369	438.320998685	158.0
3.3792	438.755744001	165.0
3.3894	439.188934782	160.0
3.3997	439.624800718	166.0
3.4099	440.054883979	163.0
3.4202	440.487623205	172.0
3.4304	440.914621237	164.0
3.4406	441.340092437	171.0
3.4509	441.76819112	172.0
3.4611	442.190610176	177.0
3.4714	442.615637868	177.0
3.4816	443.035026676	161.0
3.4918	443.452915859	178.0
3.5021	443.873385704	194.0
3.5123	444.288277134	183.0
3.5226	444.705730713	179.0
3.5328	445.117645895	203.0
3.543	445.528088175	196.0
3.5533	445.941065129	197.0
3.5635	446.348563078	180.0
3.5738	446.758577517	209.0
3.584	447.163152255	182.0
3.5942	447.566280339	188.0
3.6045	447.971897928	183.0
3.6147	448.372134149	189.0
3.625	448.774842016	181.0
3.6352	449.172207118	204.0
3.6454	449.568151346	176.0
3.6557	449.966540716	189.0
3.6659	450.359644615	187.0
3.6762	450.755176115	175.0
3.6864	451.14546006	167.0
3.6966	451.534348451	177.0
3.7069	451.925638411	160.0
3.7171	452.311737088	146.0
3.7274	452.700220106	187.0
3.7376	453.083549081	186.0
3.7478	453.465507372	142.0
3.7581	453.849824435	183.0
3.7683	454.229042725	176.0
3.7786	454.610602867	164.0
3.7888	454.987100812	146.0
3.799	455.3622525	160.0
3.8093	455.739720924	162.0
3.8195	456.112181439	166.0
3.8298	456.486942071	172.0
3.84	456.856730718	129.0
3.8502	457.225197097	160.0
3.8605	457.595938928	169.0
3.8707	457.961762092	154.0
3.881	458.329844385	164.0
3.8912	458.693043294	151.0
3.9014	459.054943499	152.0
3.9117	459.419078607	143.0
3.9219	459.778382699	139.0
3.9322	460.139905662	154.0
3.9424	460.496632265	141.0
3.9526	460.852083307	166.0
3.9629	461.209729425	170.0
3.9731	461.562630618	166.0
3.9834	461.91771114	156.0
3.9936	462.268080775	159.0
4.0038	462.617197579	111.0
4.0141	462.968470344	130.0
4.0243	463.315082738	151.0
4.0346	463.663835626	123.0
4.0448	464.007961575	138.0
4.055	464.35085702	136.0
4.0653	464.695870006	145.0
4.0755	465.03630567	136.0
4.0858	465.378843684	137.0
4.096	465.716837212	152.0
4.1062	466.053622164	141.0
4.1165	466.392486921	133.0
4.1267	466.726855926	148.0
4.137	467.063289817	141.0
4.1472	467.395260206	157.0
4.1574	467.726043555	142.0
4.1677	468.058869647	163.0
4.1779	468.387280103	151.0
4.1882	468.717718647	160.0
4.1984	469.043773231	160.0
4.2086	469.368661928	153.0
4.2189	469.695556966	138.0
4.2291	470.018115055	118.0
4.2394	470.342665092	148.0
4.2496	470.662909291	113.0
4.2598	470.982008381	157.0
4.2701	471.303078058	143.0
4.2803	471.619888071	160.0
4.2906	471.938654535	177.0
4.3008	472.253191893	161.0
4.311	472.566604548	124.0
4.3213	472.881952672	125.0
4.3315	473.193117043	133.0
4.3418	473.506202999	135.0
4.352	473.815135213	145.0
4.3622	474.122962766	120.0
4.3725	474.432691299	148.0
4.3827	474.738310633	133.0
4.393	475.045817309	142.0
4.4032	475.349244265	153.0
4.4134	475.651586245	122.0
4.4237	475.955795328	151.0
4.4339	476.25596844	163.0
4.4442	476.557995261	140.0
4.4544	476.856015063	152.0
4.4646	477.152969224	150.0
4.4749	477.451757216	122.0
4.4851	477.746581159	107.0
4.4954	478.043225778	133.0
4.5056	478.335934783	135.0
4.5158	478.627597138	134.0
4.5261	478.921060644	146.0
4.5363	479.210630741	153.0
4.5466	479.50198907	129.0
4.5568	479.789481919	153.0
4.567	480.075946768	133.0
4.5773	480.364180673	136.0
4.5875	480.64859055	136.0
4.5978	480.934756791	140.0
4.608	481.217126437	129.0
4.6182	481.498486402	125.0
4.6285	481.781583898	119.0
4.6387	482.060925511	123.0
4.649	482.341992189	112.0
4.6592	482.619329929	140.0
4.6694	482.895675981	114.0
4.6797	483.1737286	118.0
4.6899	483.448092267	120.0
4.7002	483.724150258	125.0
4.7104	483.996545762	129.0
4.7206	484.26796725	139.0
4.7309	484.541064893	101.0
4.7411	484.810539322	140.0
4.7514	485.081677883	133.0
4.7616	485.349219222	135.0
4.7718	485.615803903	119.0
4.7821	485.884034869	127.0
4.7923	486.148707189	141.0
4.8026	486.415013985	136.0
4.8128	486.677787662	121.0
4.823	486.939621729	119.0
4.8333	487.203072744	122.0
4.8435	487.463028529	117.0
4.8538	487.724589663	118.0
4.864	487.98268064	95.0
4.8742	488.23984875	131.0
4.8845	488.498604994	122.0
4.8947	488.753928294	140.0
4.905	489.010828335	120.0
4.9152	489.264320058	116.0
4.9254	489.516905361	119.0
4.9357	489.771050497	132.0
4.9459	490.021823864	126.0
4.9562	490.274145874	113.0
4.9664	490.523120303	106.0
4.9766	490.771204465	117.0
4.9869	491.020820663	122.0
4.9971	491.267125178	109.0
5.0074	491.51495074	116.0
5.0176	491.759488375	127.0
5.0278	492.003151607	125.0
5.0381	492.248319575	127.0
5.0483	492.490234874	116.0
5.0586	492.733644115	126.0
5.0688	492.97382402	133.0
5.079	493.213145106	137.0
5.0893	493.453944111	115.0
5.0995	493.691548412	127.0
5.1098	493.930620032	130.0
5.12	494.166519864	112.0
5.1302	494.401576181	101.0
5.1405	494.63808408	105.0
5.1507	494.871454206	127.0
5.161	495.106265502	130.0
5.1712	495.337961534	140.0
5.1814	495.568829081	143.0
5.1917	495.801122343	114.0
5.2019	496.030333748	129.0
5.2122	496.260960641	125.0
5.2224	496.488527784	109.0
5.2326	496.715281207	105.0
5.2429	496.943434938	134.0
5.2531	497.168561732	118.0
5.2634	497.395078788	119.0
5.2736	497.618590621	113.0
5.2838	497.841303234	109.0
5.2941	498.065391202	123.0
5.3043	498.286506173	128.0
5.3146	498.508986632	119.0
5.3248	498.728515422	132.0
5.335	498.947259234	112.0
5.3453	499.167353891	113.0
5.3555	499.384528531	133.0
5.3658	499.603044326	113.0
5.376	499.818661051	133.0
5.3862	500.033506787	124.0
5.3965	500.249679295	117.0
5.4067	500.462983822	133.0
5.417	500.677605605	123.0
5.4272	500.889379979	136.0
5.4374	501.100397104	136.0
5.4477	501.312717358	122.0
5.4579	501.522220738	121.0
5.4682	501.7330179	98.0
5.4784	501.941018396	100.0
5.4886	502.148275136	109.0
5.4989	502.356811784	127.0
5.5091	502.562581755	143.0
5.5194	502.769622453	118.0
5.5296	502.973916321	96.0
5.5398	503.177479688	112.0
5.5501	503.382300154	113.0
5.5603	503.584403247	105.0
5.5706	503.787754421	111.0
5.5808	503.988407716	113.0
5.591	504.188343526	88.0
5.6013	504.389514034	108.0
5.6115	504.588015593	109.0
5.6218	504.787742992	102.0
5.632	504.984820589	103.0
5.6422	505.181193487	94.0
5.6525	505.37877908	87.0
5.6627	505.573743286	108.0
5.673	505.769911487	104.0
5.6832	505.963477105	104.0
5.6934	506.156350583	96.0
5.7037	506.350415146	86.0
5.7139	506.541905035	96.0
5.7242	506.734577463	97.0
5.7344	506.924693688	89.0
5.7446	507.114130107	93.0
5.7549	507.304736384	77.0
5.7651	507.492813869	95.0
5.7754	507.682052821	84.0
5.7856	507.868781122	81.0
5.7958	508.05484173	85.0
5.8061	508.24205135	87.0
5.8163	508.426777242	83.0
5.8266	508.612643903	58.0
5.8368	508.796044653	75.0
5.847	508.978789609	60.0
5.8573	509.162663101	75.0
5.8675	509.344097126	70.0
5.8778	509.52665159	88.0
5.888	509.706784087	80.0
5.8982	509.886272477	52.0
5.9085	510.066869292	61.0
5.9187	510.245070112	63.0
5.929	510.424371405	71.0
5.9392	510.60129389	67.0
5.9494	510.777583746	48.0
5.9597	510.954962275	70.0
5.9699	511.129987506	61.0
5.9802	511.3060936	45.0
5.9904	511.479863277	60.0
6.0006	511.653011599	49.0
6.0109	511.827229192	48.0
6.0211	511.999135425	59.0
6.0314	512.172103258	57.0
6.0416	512.342776311	41.0
6.0518	512.512839081	49.0
6.0621	512.683952069	57.0
6.0723	512.852794883	45.0
6.0826	513.022680382	44.0
6.0928	513.190311992	35.0
6.103	513.357344196	39.0
6.1133	513.525407903	46.0
6.1235	513.691241891	37.0
6.1338	513.858099982	31.0
6.144	514.022744351	30.0
6.1542	514.186799994	33.0
6.1645	514.351868758	37.0
6.1747	514.514747538	40.0
6.185	514.678632171	19.0
6.1952	514.840342531	28.0
6.2054	515.001474657	26.0
6.2157	515.163601849	36.0
6.2259	515.323578083	31.0
6.2362	515.484542246	27.0
6.2464	515.643370882	22.0
6.2566	515.801631588	23.0
6.2669	515.960869628	30.0
6.2771	516.117995042	26.0
6.2874	516.276090778	21.0
6.2976	516.432089043	18.0
6.3078	516.587529499	30.0
6.3181	516.743929872	17.0
6.3283	516.898255267	20.0
6.3386	517.053533693	21.0
6.3488	517.206752025	24.0
6.359	517.359422488	17.0
6.3693	517.513035763	23.0
6.3795	517.664611036	27.0
6.3898	517.817122357	13.0
6.4	517.967610295	18.0
6.4102	518.117560128	15.0
6.4205	518.268435971	16.0
6.4307	518.41731013	11.0
6.441	518.567103657	10.0
6.4512	518.714909858	11.0
6.4614	518.862187543	8.0
6.4717	519.010374736	7.0
6.4819	519.156595916	11.0
6.4922	519.303720079	10.0
6.5024	519.448892333	10.0
6.5126	519.593545488	4.0
6.5229	519.739091944	12.0
6.5331	519.882707421	4.0
6.5434	520.027209791	14.0
6.5536	520.169795034	5.0
6.5638	520.311870429	9.0
6.5741	520.454823207	5.0
6.5843	520.595879416	8.0
6.5946	520.737806713	9.0
6.6048	520.877851047	11.0
6.615	521.017394619	12.0
6.6253	521.157799938	8.0
6.6355	521.296342485	7.0
6.6458	521.435740598	10.0
6.656	521.573289303	7.0
6.6662	521.710346169	4.0
6.6765	521.848249426	6.0
6.6867	521.984323107	4.0
6.697	522.121237106	7.0
6.7072	522.256334654	6.0
6.7174	522.390949129	8.0
6.7277	522.526394911	6.0
6.7379	522.66004372	2.0
6.7482	522.794517874	3.0
6.7584	522.927207946	4.0
6.7686	523.059423553	5.0
6.7789	523.192455653	4.0
6.7891	523.323722803	7.0
6.7994	523.45580059	3.0
6.8096	523.586126087	2.0
6.8198	523.715985575	4.0
6.8301	523.846647006	2.0
6.8403	523.975574939	1.0
6.8506	524.105299062	2.0
6.8608	524.233302123	8.0
6.871	524.360847478	4.0
6.8813	524.489180486	1.0
6.8915	524.615810886	4.0
6.9018	524.74322329	2.0
6.912	524.8689453	2.0
6.9222	524.994217761	5.0
6.9325	525.120263838	1.0
6.9427	525.24463765	3.0
6.953	525.369779528	2.0
6.9632	525.493261137	1.0
6.9734	525.616301208	3.0
6.9837	525.740101109	1.0
6.9939	525.862258544	1.0
7.0042	525.985170359	2.0
7.0144	526.106451491	2.0
7.0246	526.227298953	3.0
7.0349	526.348892705	5.0
7.0451	526.468873261	1.0
7.0554	526.589594753	4.0
7.0656	526.708714621	2.0
7.0758	526.827408547	1.0
7.0861	526.946835464	4.0
7.0963	527.064677933	0.0
7.1066	527.183248134	5.0
7.1168	527.300245253	2.0
7.127	527.41682402	1.0
7.1373	527.534122716	0.0
7.1475	527.649865199	0.0
7.1578	527.766322446	1.0
7.168	527.881234643	3.0
7.1782	527.995735944	2.0
7.1885	528.110944344	1.0
7.1987	528.224624263	4.0
7.209	528.33900621	1.0
7.2192	528.451870639	2.0
7.2294	528.564331495	4.0
7.2397	528.677486849	0.0
7.2499	528.78914096	1.0
7.2602	528.901484588	1.0
7.2704	529.012337742	1.0
7.2806	529.122794514	6.0
7.2909	529.233933408	2.0
7.3011	529.343597811	0.0
7.3114	529.453939444	2.0
7.3216	529.562817164	1.0
7.3318	529.671305565	2.0
7.3421	529.780463933	3.0
7.3523	529.888174086	1.0
7.3626	529.9965494	0.0
7.3728	530.103486888	0.0
7.383	530.210041995	2.0
7.3933	530.31725513	1.0
7.4035	530.423045858	2.0
7.4138	530.529489894	2.0
7.424	530.634521726	1.0
7.4342	530.739177991	1.0
7.4445	530.844480558	2.0
7.4547	530.948386066	2.0
7.465	531.052933239	2.0
7.4752	531.156093374	3.0
7.4854	531.258884636	2.0
7.4957	531.362310681	1.0
7.5059	531.464364564	0.0
7.5162	531.567048677	2.0
7.5264	531.668370469	1.0
7.5366	531.769329962	1.0
7.5469	531.870912926	0.0
7.5571	531.97114818	0.0
7.5674	532.072002433	1.0
7.5776	532.171518643	1.0
7.5878	532.270679009	0.0
7.5981	532.370451737	2.0
7.6083	532.46890077	3.0
7.6186	532.567957772	1.0
7.6288	532.665700575	1.0
7.639	532.763093875	2.0
7.6493	532.861088625	1.0
7.6595	532.957783269	1.0
7.6698	533.055075048	0.0
7.68	533.151076047	0.0
7.6902	533.246733771	1.0
7.7005	533.342982227	2.0
7.7107	533.437953745	5.0
7.721	533.533511757	2.0
7.7312	533.627801991	0.0
7.7414	533.721755068	1.0
7.7517	533.816288349	0.0
7.7619	533.909567448	1.0
7.7722	534.00342259	2.0
7.7824	534.096032545	2.0
7.7926	534.188311352	2.0
7.8029	534.281160024	1.0
7.8131	534.372776863	1.0
7.8234	534.46495948	0.0
7.8336	534.5559191	1.0
7.8438	534.646553473	1.0
7.8541	534.737747555	0.0
7.8643	534.827731757	1.0
7.8746	534.918271653	2.0
7.8848	535.007610347	0.0
7.895	535.09662959	1.0
7.9053	535.186198568	0.0
7.9155	535.274579226	1.0
7.9258	535.363505676	1.0
7.936	535.45125233	2.0
7.9462	535.538685225	1.0
7.9565	535.626658059	0.0
7.9667	535.713463748	2.0
7.977	535.800805504	1.0
7.9872	535.886988488	3.0
7.9974	535.972863304	2.0
8.0077	536.059268437	1.0
8.0179	536.144527225	1.0
8.0282	536.230312526	1.0
8.0384	536.314959705	1.0
8.0486	536.399304208	1.0
8.0589	536.484169578	0.0
8.0691	536.56790903	1.0
8.0794	536.652165613	1.0
8.0896	536.735304355	3.0
8.0998	536.818145816	0.0
8.1101	536.901498861	2.0
8.1203	536.983746052	0.0
8.1306	537.066501159	2.0
8.1408	537.148158346	1.0
8.151	537.229523548	3.0
8.1613	537.311391219	0.0
8.1715	537.392172742	1.0
8.1818	537.47345313	2.0
8.192	537.553655163	0.0
8.2022	537.633570414	0.0
8.2125	537.71397918	1.0
8.2227	537.793321154	5.0
8.233	537.873153103	3.0
8.2432	537.951925913	0.0
8.2534	538.030417052	2.0
8.2637	538.109392911	0.0
8.2739	538.187320989	0.0
8.2842	538.26573031	0.0
8.2944	538.343099366	1.0
8.3046	538.420191771	1.0
8.3149	538.497760258	0.0
8.3251	538.574299636	1.0
8.3354	538.651311681	1.0
8.3456	538.727301999	1.0
8.3558	538.803020596	2.0
8.3661	538.87920679	1.0
8.3763	538.954382215	0.0
8.3866	539.030021883	0.0
8.3968	539.104658033	0.0
8.407	539.179027303	1.0
8.4173	539.253855838	0.0
8.4275	539.327691616	0.0
8.4378	539.401983364	1.0
8.448	539.475289477	1.0
8.4582	539.548333465	1.0
8.4685	539.621828535	1.0
8.4787	539.694348539	1.0
8.489	539.767316387	0.0
8.4992	539.839316164	3.0
8.5094	539.911058488	2.0
8.5197	539.983243855	3.0
8.5299	540.054471532	1.0
8.5402	540.126139073	1.0
8.5504	540.196855794	0.0
8.5606	540.26731965	2.0
8.5709	540.338218653	2.0
8.5811	540.408177033	1.0
8.5914	540.478567438	1.0
8.6016	540.548023967	1.0
8.6118	540.617232137	2.0
8.6221	540.686867701	1.0
8.6323	540.755579402	0.0
8.6426	540.824715431	1.0
8.6528	540.892934225	1.0
8.663	540.960909086	2.0
8.6733	541.029303724	1.0
8.6835	541.096790964	0.0
8.6938	541.164694969	1.0
8.704	541.231698085	2.0
8.7142	541.298461616	2.0
8.7245	541.365637442	1.0
8.7347	541.43192204	0.0
8.745	541.498615977	0.0
8.7552	541.564425079	1.0
8.7654	541.629998864	1.0
8.7757	541.695977599	0.0
8.7859	541.761080987	0.0
8.7962	541.826586419	1.0
8.8064	541.891222784	2.0
8.8166	541.955628026	0.0
8.8269	542.020431001	1.0
8.8371	542.084374228	1.0
8.8474	542.148712335	2.0
8.8576	542.212196862	1.0
8.8678	542.275454385	0.0
8.8781	542.339102552	2.0
8.8883	542.401906294	1.0
8.8986	542.465097877	3.0
8.9088	542.527451092	0.0
8.919	542.589581348	1.0
8.9293	542.652095288	1.0
8.9395	542.713779849	0.0
8.9498	542.775845341	0.0
8.96	542.837087404	1.0
8.9702	542.898110481	1.0
8.9805	542.959510404	2.0
8.9907	543.020095729	1.0
9.001	543.081055197	1.0
9.0112	543.141205909	2.0
9.0214	543.201141538	0.0
9.0317	543.261447298	0.0
9.0419	543.320952975	2.0
9.0522	543.380826128	0.0
9.0624	543.439904937	1.0
9.0726	543.498772497	1.0
9.0829	543.558003591	1.0
9.0931	543.61644886	0.0
9.1034	543.675255057	0.0
9.1136	543.733281065	2.0
9.1238	543.791099588	2.0
9.1341	543.849275168	1.0
9.1443	543.906678926	0.0
9.1546	543.964437179	2.0
9.1648	544.021429148	2.0
9.175	544.078217329	2.0
9.1853	544.135356203	2.0
9.1955	544.191737011	1.0
9.2058	544.248465996	1.0
9.216	544.304442352	1.0
9.2262	544.360218551	0.0
9.2365	544.416339195	1.0
9.2467	544.47171528	1.0
9.257	544.527433339	1.0
9.2672	544.582412181	0.0
9.2774	544.637194432	2.0
9.2877	544.69231499	3.0
9.2979	544.746704258	0.0
9.3082	544.801429406	2.0
9.3184	544.855428509	1.0
9.3286	544.909234526	0.0
9.3389	544.96337282	0.0
9.3491	545.016792856	0.0
9.3594	545.070542786	1.0
9.3696	545.12357961	0.0
9.3798	545.176426788	1.0
9.3901	545.229600323	0.0
9.4003	545.282068399	1.0
9.4106	545.33486049	0.0
9.4208	545.386952183	0.0
9.431	545.43885761	0.0
9.4413	545.491083577	1.0
9.4515	545.542616657	1.0
9.4618	545.594467978	1.0
9.472	545.645631383	0.0
9.4822	545.696611841	4.0
9.4925	545.747907126	1.0
9.5027	545.798521873	0.0
9.513	545.849449189	0.0
9.5232	545.899700847	1.0
9.5334	545.949772819	0.0
9.5437	546.000154008	1.0
9.5539	546.049866785	0.0
9.5642	546.099886562	1.0
9.5744	546.149242722	0.0
9.5846	546.198422397	1.0
9.5949	546.247905779	1.0
9.6051	546.296732661	1.0
9.6154	546.345861072	1.0
9.6256	546.394337691	0.0
9.6358	546.44264097	2.0
9.6461	546.491242545	1.0
9.6563	546.539199318	2.0
9.6666	546.587452246	1.0
9.6768	546.635064998	0.0
9.687	546.6825075	2.0
9.6973	546.730242981	0.0
9.7075	546.777345151	2.0
9.7178	546.824738198	0.0
9.728	546.871502478	2.0
9.7382	546.918099541	1.0
9.7485	546.964984362	0.0
9.7587	547.011247158	0.0
9.769	547.057795648	0.0
9.7792	547.103726575	1.0
9.7894	547.149493265	2.0
9.7997	547.195542586	1.0
9.8099	547.240980966	0.0
9.8202	547.286699949	2.0
9.8304	547.331812374	1.0
9.8406	547.376763489	1.0
9.8509	547.421992198	2.0
9.8611	547.466620853	0.0
9.8714	547.511525111	1.0
9.8816	547.55583362	2.0
9.8918	547.599983693	0.0
9.9021	547.644406414	0.0
9.9123	547.688239774	0.0
9.9226	547.732343825	0.0
9.9328	547.775862744	0.0
9.943	547.819226051	0.0
9.9533	547.862857146	0.0
9.9635	547.905909383	1.0
9.9738	547.949227489	0.0
9.984	547.991970888	0.0
9.9942	548.034561448	1.0
10.0045	548.077415025	1.0
10.0147	548.11970006	2.0
10.025	548.162246224	1.0
10.0352	548.204227924	2.0
10.0454	548.246059509	1.0
10.0557	548.288149423	0.0
10.0659	548.329680926	2.0
10.0762	548.371468906	0.0
10.0864	548.41270248	0.0
10.0966	548.453788614	0.0
10.1069	548.495128474	2.0
10.1171	548.535919874	2.0
10.1274	548.576963181	1.0
10.1376	548.617461961	0.0
10.1478	548.657815929	0.0
10.1581	548.698419101	1.0
10.1683	548.738483587	1.0
10.1786	548.77879549	1.0
10.1888	548.818572571	1.0
10.199	548.858207419	2.0
10.2093	548.898087032	1.0
10.2195	548.937437557	0.0
10.2298	548.977031091	0.0
10.24	549.016099333	1.0
10.2502	549.055027877	1.0
10.2605	549.094196824	1.0
10.2707	549.132846112	0.0
10.281	549.171734078	3.0
10.2912	549.210106113	0.0
10.3014	549.24834094	0.0
10.3117	549.286811885	1.0
10.3219	549.324772432	0.0
10.3322	549.362967403	2.0
10.3424	549.400655638	0.0
10.3526	549.438209109	1.0
10.3629	549.475994491	0.0
10.3731	549.51327857	0.0
10.3834	549.550792896	0.0
10.3936	549.587809516	2.0
10.4038	549.624693774	2.0
10.4141	549.66180581	0.0
10.4243	549.698425477	0.0
10.4346	549.735271287	0.0
10.4448	549.77162826	1.0
10.455	549.807855231	1.0
10.4653	549.844305919	1.0
10.4755	549.880273013	1.0
10.4858	549.916462221	1.0
10.496	549.952171303	0.0
10.5062	549.987752698	0.0
10.5165	550.023553826	0.0
10.5267	550.058879976	0.0
10.537	550.094424282	0.0
10.5472	550.129497018	1.0
10.5574	550.164444343	1.0
10.5677	550.199607484	0.0
10.5779	550.234304112	1.0
10.5882	550.269215008	1.0
10.5984	550.303662738	0.0
10.6086	550.337987292	0.0
10.6189	550.372523817	0.0
10.6291	550.406602141	1.0
10.6394	550.440890916	0.0
10.6496	550.474724777	0.0
10.6598	550.508437658	1.0
10.6701	550.542358732	3.0
10.6803	550.575829771	1.0
10.6906	550.60950751	1.0
10.7008	550.642738443	0.0
10.711	550.67585055	2.0
10.7213	550.709167141	0.0
10.7315	550.742041717	0.0
10.7418	550.775119309	1.0
10.752	550.807758057	0.0
10.7622	550.840280098	1.0
10.7725	550.873002978	0.0
10.7827	550.90529172	0.0
10.793	550.93777986	1.0
10.8032	550.969836976	0.0
10.8134	551.001779465	1.0
10.8237	551.033919214	0.0
10.8339	551.065632561	0.0
10.8442	551.097541754	0.0
10.8544	551.129027603	0.0
10.8646	551.160400868	1.0
10.8749	551.191967878	0.0
10.8851	551.223116084	1.0
10.8954	551.254456646	0.0
10.9056	551.285381409	1.0
10.9158	551.316195593	2.0
10.9261	551.34720007	0.0
10.9363	551.377793207	0.0
10.9466	551.408575271	1.0
10.9568	551.438948946	3.0
10.967	551.469214013	2.0
10.9773	551.499665981	1.0
10.9875	551.529713939	0.0
10.9978	551.559947458	1.0
11.008	551.589779866	0.0
11.0182	551.619505601	1.0
11.0285	551.649414906	1.0
11.0387	551.678927402	0.0
11.049	551.708622151	1.0
11.0592	551.737922937	2.0
11.0694	551.767118951	0.0
11.0797	551.796495264	0.0
11.0899	551.825481839	2.0
11.1002	551.854647419	1.0
11.1104	551.883426057	2.0
11.1206	551.91210179	0.0
11.1309	551.940954609	1.0
11.1411	551.969424634	1.0
11.1514	551.998070476	3.0
11.1616	552.02633627	2.0
11.1718	552.054500994	1.0
11.1821	552.082839647	1.0
11.1923	552.110802329	0.0
11.2026	552.138937694	1.0
11.2128	552.166699784	1.0
11.223	552.194362604	1.0
11.2333	552.222196255	0.0
11.2435	552.249660634	1.0
11.2538	552.277294618	0.0
11.264	552.30456198	1.0
11.2742	552.331731841	2.0
11.2845	552.359069488	2.0
11.2947	552.386044444	2.0
11.305	552.413185983	0.0
11.3152	552.439967433	0.0
11.3254	552.466653119	1.0
11.3357	552.493503602	0.0
11.3459	552.519997857	1.0
11.3562	552.546655726	2.0
11.3664	552.572959923	0.0
11.3766	552.599170063	3.0
11.3869	552.625542063	1.0
11.3971	552.651564183	0.0
11.4074	552.677747001	0.0
11.4176	552.70358245	2.0
11.4278	552.729325518	0.0
11.4381	552.755227561	1.0
11.4483	552.780785959	2.0
11.4586	552.806502193	0.0
11.4688	552.831877246	1.0
11.479	552.857161565	2.0
11.4893	552.882602027	0.0
11.4995	552.907704968	1.0
11.5098	552.932962931	0.0
11.52	552.957885794	1.0
11.5302	552.982719539	1.0
11.5405	553.007706644	0.0
11.5507	553.032362244	2.0
11.561	553.057170103	1.0
11.5712	553.081648833	3.0
11.5814	553.106040034	1.0
11.5917	553.130581863	0.0
11.6019	553.154798092	1.0
11.6122	553.179163868	1.0
11.6224	553.203206381	1.0
11.6326	553.227162924	1.0
11.6429	553.25126741	0.0
11.6531	553.275052099	0.0
11.6634	553.29898367	0.0
11.6736	553.322597739	0.0
11.6838	553.346127369	0.0
11.6941	553.369802307	0.0
11.7043	553.393163146	0.0
11.7146	553.41666825	1.0
11.7248	553.439861509	0.0
11.735	553.462971835	1.0
11.7453	553.486224879	1.0
11.7555	553.509169421	0.0
11.7658	553.532255658	1.0
11.776	553.555035606	1.0
11.7862	553.5777341	0.0
11.7965	553.600572767	2.0
11.8067	553.623108432	1.0
11.817	553.645783265	1.0
11.8272	553.668157269	0.0
11.8374	553.690451269	1.0
11.8477	553.712882945	0.0
11.8579	553.735017018	1.0
11.8682	553.757287779	0.0
11.8784	553.779263072	0.0
11.8886	553.801159786	0.0
11.8989	553.823191724	0.0
11.9091	553.844931361	0.0
11.9194	553.866805251	0.0
11.9296	553.888388938	0.0
11.9398	553.909895447	2.0
11.9501	553.931534769	2.0
11.9603	553.952887	0.0
11.9706	553.974371091	0.0
11.9808	553.99557015	0.0
11.991	554.016693407	1.0
12.0013	554.037947111	1.0
12.0115	554.058918839	2.0
12.0218	554.080020077	0.0
12.032	554.100841364	1.0
12.0422	554.121588198	0.0
12.0525	554.142463155	1.0
12.0627	554.163061161	2.0
12.073	554.183786369	0.0
12.0832	554.204236614	1.0
12.0934	554.224613735	0.0
12.1037	554.245116693	0.0
12.1139	554.265347637	0.0
12.1242	554.285703517	0.0
[END DATA]
