TL-DOS Lehrstuhlversuch
detector=R1406904
job_number=2015-10-23-004
irradiation_dose [mSv]=4.0

[BEGIN DATA]
time [sec] 	 temperature [K] 	 photoncount 
0.0	130.555753446	0.0
0.0102	132.314400734	0.0
0.0205	134.082802763	1.0
0.0307	135.826652837	0.0
0.041	137.580175577	2.0
0.0512	139.309352941	0.0
0.0614	141.031275798	2.0
0.0717	142.762749695	1.0
0.0819	144.470184336	0.0
0.0922	146.187089656	1.0
0.1024	147.880157986	5.0
0.1126	149.566123298	0.0
0.1229	151.261440204	1.0
0.1331	152.933219846	0.0
0.1434	154.614272399	0.0
0.1536	156.27198573	1.0
0.1638	157.92274437	0.0
0.1741	159.582659323	1.0
0.1843	161.219528522	1.0
0.1946	162.865476992	2.0
0.2048	164.488573615	2.0
0.215	166.104860776	2.0
0.2253	167.730113046	0.0
0.2355	169.332800808	0.0
0.2458	170.944378247	0.0
0.256	172.533581035	0.0
0.2662	174.116116558	0.0
0.2765	175.707429978	1.0
0.2867	177.276650088	0.0
0.297	178.854574237	0.0
0.3072	180.410590968	0.0
0.3174	181.960079662	0.0
0.3277	183.51816295	0.0
0.3379	185.054614285	0.0
0.3482	186.5995879	0.0
0.3584	188.123111573	0.0
0.3686	189.640243527	0.0
0.3789	191.165790602	0.0
0.3891	192.670157447	0.0
0.3994	194.182868608	0.0
0.4096	195.674577748	0.0
0.4198	197.160028643	0.0
0.4301	198.653718933	0.0
0.4403	200.126671282	0.0
0.4506	201.6077937	0.0
0.4608	203.068352665	0.0
0.471	204.522784072	0.0
0.4813	205.985282816	0.0
0.4915	207.427476674	0.0
0.5018	208.877669991	0.0
0.512	210.307729266	0.0
0.5222	211.731788939	0.0
0.5325	213.163747486	0.0
0.5427	214.575825157	0.0
0.553	215.995735242	0.0
0.5632	217.395931727	0.0
0.5734	218.790253895	4.0
0.5837	220.192309992	1.0
0.5939	221.574900369	0.0
0.6042	222.965159601	0.0
0.6144	224.336116898	1.0
0.6246	225.701322546	0.0
0.6349	227.074100621	0.0
0.6451	228.427819464	0.0
0.6554	229.789047019	0.0
0.6656	231.131375706	0.0
0.6758	232.468072851	1.0
0.6861	233.812184294	0.0
0.6963	235.137634504	0.0
0.7066	236.470436627	0.0
0.7168	237.784734532	1.0
0.727	239.093518495	0.0
0.7373	240.409561929	0.0
0.7475	241.707333817	0.0
0.7578	243.012304094	0.0
0.768	244.299156562	0.0
0.7782	245.580610231	2.0
0.7885	246.869171777	0.0
0.7987	248.139843328	0.0
0.809	249.41756295	0.0
0.8192	250.677543102	1.0
0.8294	251.932237194	0.0
0.8397	253.193890735	0.0
0.8499	254.438027862	0.0
0.8602	255.689065883	0.0
0.8704	256.922734872	0.0
0.8806	258.151228186	0.0
0.8909	259.38653562	0.0
0.9011	260.604692423	0.0
0.9114	261.829606012	2.0
0.9216	263.037513273	1.0
0.9318	264.240352939	0.0
0.9421	265.449864432	0.0
0.9523	266.642583435	0.0
0.9626	267.841918128	1.0
0.9728	269.024601624	0.0
0.983	270.202323347	1.0
0.9933	271.386577573	1.0
1.0035	272.554389975	0.0
1.0138	273.728679916	1.0
1.024	274.886666374	0.0
1.0342	276.039794671	0.0
1.0445	277.199319059	0.0
1.0547	278.342744964	0.0
1.065	279.492513144	1.0
1.0752	280.626318292	1.0
1.0854	281.755366728	0.0
1.0957	282.890677692	0.0
1.1059	284.010226343	0.0
1.1162	285.135984829	0.0
1.1264	286.246113627	0.0
1.1366	287.351585044	1.0
1.1469	288.463188212	0.0
1.1571	289.55935822	0.0
1.1674	290.661608387	2.0
1.1776	291.748555249	2.0
1.1878	292.830941986	0.0
1.1981	293.91933243	2.0
1.2083	294.992611992	0.0
1.2186	296.071844746	0.0
1.2288	297.136093762	0.0
1.239	298.195877878	0.0
1.2493	299.261540331	0.0
1.2595	300.31240745	1.0
1.2698	301.369103446	2.0
1.28	302.411128596	2.0
1.2902	303.448782084	1.0
1.3005	304.492191156	0.0
1.3107	305.521113854	0.0
1.321	306.555743708	1.0
1.3312	307.576009077	0.0
1.3414	308.591994073	0.0
1.3517	309.613614464	3.0
1.3619	310.621050988	0.0
1.3722	311.63407549	2.0
1.3824	312.633035469	0.0
1.3926	313.627804459	3.0
1.4029	314.628091164	0.0
1.4131	315.614490193	6.0
1.4234	316.606360512	2.0
1.4336	317.584460004	0.0
1.4438	318.558456025	3.0
1.4541	319.537854539	1.0
1.4643	320.503655383	1.0
1.4746	321.474813262	3.0
1.4848	322.432487882	2.0
1.495	323.386144719	2.0
1.5053	324.345091234	2.0
1.5155	325.290724027	4.0
1.5258	326.241601989	4.0
1.536	327.179278252	3.0
1.5462	328.113020633	2.0
1.5565	329.05194223	2.0
1.5667	329.977828126	2.0
1.577	330.908849661	5.0
1.5872	331.826945177	6.0
1.5974	332.741188959	5.0
1.6077	333.660503804	6.0
1.6179	334.567055162	2.0
1.6282	335.478634915	8.0
1.6384	336.377558573	11.0
1.6486	337.272710929	4.0
1.6589	338.172828454	10.0
1.6691	339.060449021	7.0
1.6794	339.95299298	10.0
1.6896	340.833145131	16.0
1.6998	341.709604733	18.0
1.7101	342.59092582	10.0
1.7203	343.460010914	12.0
1.7306	344.333916587	17.0
1.7408	345.195689221	11.0
1.751	346.053846415	7.0
1.7613	346.916763575	13.0
1.7715	347.767700257	21.0
1.7818	348.623356854	24.0
1.792	349.467133775	25.0
1.8022	350.307370756	22.0
1.8125	351.152268304	24.0
1.8227	351.985435552	22.0
1.833	352.823224153	38.0
1.8432	353.649381153	28.0
1.8534	354.472072133	31.0
1.8637	355.299326358	34.0
1.8739	356.115095238	39.0
1.8842	356.935388967	45.0
1.8944	357.744293987	41.0
1.9046	358.549805367	42.0
1.9149	359.3597847	49.0
1.9251	360.158518527	45.0
1.9354	360.961682715	58.0
1.9456	361.753696016	55.0
1.9558	362.542386542	55.0
1.9661	363.335451722	52.0
1.9763	364.117506226	71.0
1.9866	364.903898576	69.0
1.9968	365.679372893	77.0
2.007	366.451593823	87.0
2.0173	367.228098054	77.0
2.0275	367.993821537	96.0
2.0378	368.763792281	87.0
2.048	369.523072985	93.0
2.0582	370.27916824	110.0
2.0685	371.039457351	107.0
2.0787	371.789190839	138.0
2.089	372.543082897	107.0
2.0992	373.286508147	149.0
2.1094	374.026814467	128.0
2.1197	374.771227065	149.0
2.1299	375.505304466	169.0
2.1402	376.243453596	183.0
2.1504	376.971354488	181.0
2.1606	377.69620158	173.0
2.1709	378.425069203	174.0
2.1811	379.143817449	183.0
2.1914	379.866552399	205.0
2.2016	380.579253116	221.0
2.2118	381.288963803	247.0
2.2221	382.002611063	261.0
2.2323	382.706350262	265.0
2.2426	383.413992913	279.0
2.2528	384.111810868	294.0
2.263	384.806701232	302.0
2.2733	385.505445964	301.0
2.2835	386.194489538	313.0
2.2938	386.88735505	340.0
2.304	387.570601028	322.0
2.3142	388.25098055	392.0
2.3245	388.935133952	413.0
2.3347	389.609788777	375.0
2.345	390.28818573	404.0
2.3552	390.957164027	396.0
2.3654	391.623335724	448.0
2.3757	392.293202496	413.0
2.3859	392.953769041	461.0
2.3962	393.61799957	447.0
2.4064	394.273008126	459.0
2.4166	394.925268689	493.0
2.4269	395.581147166	548.0
2.4371	396.227919626	535.0
2.4474	396.878279558	526.0
2.4576	397.519610091	473.0
2.4678	398.158250017	522.0
2.4781	398.800432306	537.0
2.4883	399.433698731	525.0
2.4986	400.070477714	550.0
2.5088	400.698415852	604.0
2.519	401.323719568	586.0
2.5293	401.952491676	554.0
2.5395	402.572534102	586.0
2.5498	403.196015737	639.0
2.56	403.810841142	581.0
2.5702	404.423087139	592.0
2.5805	405.038729099	614.0
2.5907	405.645823673	547.0
2.601	406.256285637	551.0
2.6112	406.858272133	528.0
2.6214	407.457733083	587.0
2.6317	408.060519082	589.0
2.6419	408.654936183	528.0
2.6522	409.252650356	506.0
2.6624	409.842066047	535.0
2.6726	410.429008932	509.0
2.6829	411.01920743	512.0
2.6931	411.601211792	525.0
2.7034	412.186444375	476.0
2.7136	412.763551768	472.0
2.7238	413.338237991	430.0
2.7341	413.916111844	472.0
2.7443	414.485962673	425.0
2.7546	415.05897431	422.0
2.7648	415.624030428	432.0
2.775	416.186715936	388.0
2.7853	416.752522509	384.0
2.7955	417.310473596	371.0
2.8058	417.871519488	334.0
2.816	418.424775988	326.0
2.8262	418.975711383	359.0
2.8365	419.529702668	327.0
2.8467	420.076002507	331.0
2.857	420.625332523	340.0
2.8672	421.167035809	337.0
2.8774	421.706466458	315.0
2.8877	422.248889184	334.0
2.8979	422.783781078	322.0
2.9082	423.321639873	295.0
2.9184	423.8520312	311.0
2.9286	424.380197349	330.0
2.9389	424.911293092	327.0
2.9491	425.435015265	348.0
2.9594	425.961642382	327.0
2.9696	426.480957969	347.0
2.9798	426.998094845	342.0
2.9901	427.518100139	359.0
3.0003	428.030885838	377.0
3.0106	428.546515821	372.0
3.0208	429.054986954	373.0
3.031	429.561324871	381.0
3.0413	430.070471309	392.0
3.0515	430.572548912	393.0
3.0618	431.077411404	392.0
3.072	431.575264539	429.0
3.0822	432.071029005	463.0
3.0925	432.569543343	442.0
3.1027	433.061136459	447.0
3.113	433.55545631	473.0
3.1232	434.042913174	473.0
3.1334	434.528324985	477.0
3.1437	435.016429245	493.0
3.1539	435.497756813	501.0
3.1642	435.981754176	498.0
3.1744	436.459031866	502.0
3.1846	436.934307209	557.0
3.1949	437.412218776	549.0
3.2051	437.883495164	530.0
3.2154	438.357385595	515.0
3.2256	438.824696675	551.0
3.2358	439.290047221	554.0
3.2461	439.757978941	567.0
3.2563	440.219414039	626.0
3.2666	440.683408594	620.0
3.2768	441.140961189	607.0
3.287	441.59659419	641.0
3.2973	442.054754464	577.0
3.3075	442.50655378	623.0
3.3178	442.960859106	585.0
3.328	443.408856994	628.0
3.3382	443.854975374	637.0
3.3485	444.303568252	626.0
3.3587	444.745933002	624.0
3.369	445.190751431	636.0
3.3792	445.629394136	605.0
3.3894	446.066196581	636.0
3.3997	446.505421851	674.0
3.4099	446.938549051	631.0
3.4202	447.37407869	618.0
3.4304	447.803561569	631.0
3.4406	448.231242616	642.0
3.4509	448.661295894	639.0
3.4611	449.085378443	615.0
3.4714	449.511813264	606.0
3.4816	449.932327593	571.0
3.4918	450.351077717	632.0
3.5021	450.772150535	629.0
3.5123	451.187377306	653.0
3.5226	451.604907228	642.0
3.5328	452.016640291	614.0
3.543	452.42664599	604.0
3.5533	452.838925879	613.0
3.5635	453.2454818	563.0
3.5738	453.654292776	640.0
3.584	454.057427946	558.0
3.5942	454.458871822	557.0
3.6045	454.862542398	608.0
3.6147	455.260608535	520.0
3.625	455.660882638	522.0
3.6352	456.055599457	530.0
3.6454	456.448660299	551.0
3.6557	456.843901344	507.0
3.6659	457.233654983	520.0
3.6762	457.62557048	546.0
3.6864	458.012044742	526.0
3.6966	458.396897608	526.0
3.7069	458.783885149	508.0
3.7171	459.165499873	523.0
3.7274	459.54923131	476.0
3.7376	459.927635137	489.0
3.7478	460.304451427	481.0
3.7581	460.683357815	514.0
3.7683	461.057003583	522.0
3.7786	461.432721862	489.0
3.7888	461.803223783	495.0
3.799	462.172171319	525.0
3.8093	462.543165306	472.0
3.8195	462.909008526	515.0
3.8298	463.27688098	500.0
3.84	463.639646005	481.0
3.8502	464.000889102	500.0
3.8605	464.364135918	527.0
3.8707	464.722339525	488.0
3.881	465.082529991	457.0
3.8912	465.437719682	522.0
3.9014	465.791419228	474.0
3.9117	466.147080649	491.0
3.9219	466.497804175	519.0
3.9322	466.850473071	465.0
3.9424	467.198245618	501.0
3.9526	467.544559138	523.0
3.9629	467.892793565	513.0
3.9731	468.236193211	529.0
3.9834	468.581497602	512.0
3.9936	468.922007892	513.0
4.0038	469.261089622	451.0
4.0141	469.602052147	503.0
4.0243	469.938280852	524.0
4.0346	470.276374526	444.0
4.0448	470.609774211	468.0
4.055	470.941775167	488.0
4.0653	471.275617643	537.0
4.0755	471.604825151	471.0
4.0858	471.935858684	502.0
4.096	472.262296249	491.0
4.1062	472.587364293	495.0
4.1165	472.914235402	493.0
4.1267	473.236568332	482.0
4.137	473.560689156	507.0
4.1472	473.880309984	503.0
4.1574	474.198589891	503.0
4.1677	474.518635211	478.0
4.1779	474.834237119	492.0
4.1882	475.151589585	465.0
4.1984	475.464536027	542.0
4.2086	475.776169548	501.0
4.2189	476.089531616	460.0
4.2291	476.39854306	499.0
4.2394	476.709268508	479.0
4.2496	477.015679938	468.0
4.2598	477.320805864	441.0
4.2701	477.627624241	446.0
4.2803	477.930182846	449.0
4.2906	478.234419661	468.0
4.3008	478.534432545	477.0
4.311	478.83318677	463.0
4.3213	479.133598103	441.0
4.3315	479.429838617	495.0
4.3418	479.727722297	452.0
4.352	480.021470251	494.0
4.3622	480.313985828	465.0
4.3725	480.608123911	439.0
4.3827	480.89817827	438.0
4.393	481.189841482	466.0
4.4032	481.477455331	481.0
4.4134	481.763862539	433.0
4.4237	482.05185837	443.0
4.4339	482.335855755	444.0
4.4442	482.621428396	447.0
4.4544	482.903036234	418.0
4.4646	483.183462628	441.0
4.4749	483.465444471	407.0
4.4851	483.743511365	409.0
4.4954	484.02312062	429.0
4.5056	484.298847866	432.0
4.5158	484.573418338	426.0
4.5261	484.849511779	453.0
4.5363	485.121772023	429.0
4.5466	485.395542421	424.0
4.5568	485.665511874	400.0
4.567	485.93434871	418.0
4.5773	486.204676712	420.0
4.5875	486.471251561	459.0
4.5978	486.73930503	449.0
4.608	487.003636926	400.0
4.6182	487.266859856	349.0
4.6285	487.531542813	444.0
4.6387	487.792550992	408.0
4.649	488.055006914	419.0
4.6592	488.313818977	379.0
4.6694	488.571545232	398.0
4.6797	488.830701026	399.0
4.6899	489.086258779	394.0
4.7002	489.343234042	401.0
4.7104	489.596641539	402.0
4.7206	489.848985902	381.0
4.7309	490.102729951	385.0
4.7411	490.352951096	389.0
4.7514	490.604560149	388.0
4.7616	490.852675939	410.0
4.7718	491.099750795	400.0
4.7821	491.34819611	392.0
4.7923	491.593192085	407.0
4.8026	491.839546986	375.0
4.8128	492.082481572	384.0
4.823	492.324396961	412.0
4.8333	492.567654189	355.0
4.8435	492.807534109	397.0
4.8538	493.048744577	397.0
4.864	493.286606153	375.0
4.8742	493.523469815	378.0
4.8845	493.761647297	391.0
4.8947	493.996517994	413.0
4.905	494.232691456	397.0
4.9152	494.465585958	414.0
4.9254	494.697503385	405.0
4.9357	494.930707196	368.0
4.9459	495.160673276	391.0
4.9562	495.391914916	393.0
4.9664	495.619946067	396.0
4.9766	495.847020547	412.0
4.9869	496.075354548	375.0
4.9971	496.300518429	418.0
5.0074	496.526931234	406.0
5.0176	496.750200592	374.0
5.0278	496.972533257	347.0
5.0381	497.196099141	393.0
5.0483	497.416561104	402.0
5.0586	497.63824591	381.0
5.0688	497.856852912	369.0
5.079	498.07454278	419.0
5.0893	498.293440116	434.0
5.0995	498.509298347	375.0
5.1098	498.726353886	376.0
5.12	498.940395892	370.0
5.1302	499.153539916	386.0
5.1405	499.367866193	344.0
5.1507	499.579216829	363.0
5.161	499.791739769	395.0
5.1712	500.001312106	431.0
5.1814	500.210005214	411.0
5.1917	500.419855885	383.0
5.2019	500.626793054	363.0
5.2122	500.834878047	388.0
5.2224	501.040074052	360.0
5.2326	501.244409187	386.0
5.2429	501.449877714	369.0
5.2531	501.652493579	367.0
5.2634	501.856233299	383.0
5.2736	502.057144359	381.0
5.2838	502.257212526	344.0
5.2941	502.458390417	383.0
5.3043	502.656775216	331.0
5.3146	502.856260401	339.0
5.3248	503.052975996	371.0
5.335	503.248866298	373.0
5.3453	503.445843152	346.0
5.3555	503.640085239	355.0
5.3658	503.835404734	375.0
5.376	504.028012473	347.0
5.3862	504.219812155	353.0
5.3965	504.412675697	324.0
5.4067	504.602861581	370.0
5.417	504.794102375	341.0
5.4272	504.98268804	338.0
5.4374	505.170482521	316.0
5.4477	505.359318648	360.0
5.4579	505.545533032	304.0
5.4682	505.732780296	301.0
5.4784	505.917427877	288.0
5.4886	506.101300795	306.0
5.4989	506.286193608	287.0
5.5091	506.468519424	313.0
5.5194	506.651856553	322.0
5.5296	506.832648285	300.0
5.5398	507.012681532	306.0
5.5501	507.193713375	301.0
5.5603	507.372231827	291.0
5.5706	507.551740473	289.0
5.5808	507.728756875	285.0
5.591	507.905030631	245.0
5.6013	508.08228213	239.0
5.6115	508.257072723	281.0
5.6218	508.432832832	253.0
5.632	508.606152742	241.0
5.6422	508.778745513	242.0
5.6525	508.95229561	255.0
5.6627	509.12343619	228.0
5.673	509.295526041	241.0
5.6832	509.465226649	235.0
5.6934	509.634215303	216.0
5.7037	509.804141292	220.0
5.7139	509.971708079	208.0
5.7242	510.140204315	218.0
5.7344	510.3063612	218.0
5.7446	510.471820998	200.0
5.7549	510.638198558	190.0
5.7651	510.802266181	188.0
5.7754	510.967243844	219.0
5.7856	511.129931007	164.0
5.7958	511.29193564	192.0
5.8061	511.45483887	185.0
5.8163	511.6154804	168.0
5.8266	511.777012965	169.0
5.8368	511.936302862	156.0
5.847	512.094924481	135.0
5.8573	512.254425932	151.0
5.8675	512.411712913	132.0
5.8778	512.569872322	154.0
5.888	512.725835895	161.0
5.8982	512.881145145	120.0
5.9085	513.037315854	133.0
5.9187	513.191318336	130.0
5.929	513.346175029	123.0
5.9392	513.498881738	112.0
5.9494	513.650947789	116.0
5.9597	513.803857309	128.0
5.9699	513.95464388	109.0
5.9802	514.106266823	131.0
5.9904	514.25578468	104.0
6.0006	514.404675257	113.0
6.0109	514.554391689	106.0
6.0211	514.702029504	84.0
6.0314	514.850486226	94.0
6.0416	514.99688182	103.0
6.0518	515.142663234	90.0
6.0621	515.289253257	79.0
6.0723	515.433808069	86.0
6.0826	515.579164687	73.0
6.0928	515.722503219	68.0
6.103	515.865240395	78.0
6.1133	516.008769295	65.0
6.1235	516.150305484	66.0
6.1338	516.292626736	80.0
6.144	516.432972043	59.0
6.1542	516.572728553	51.0
6.1645	516.713260253	54.0
6.1747	516.851840855	48.0
6.185	516.991190125	49.0
6.1952	517.128604713	57.0
6.2054	517.265442798	52.0
6.2157	517.403039887	48.0
6.2259	517.53872662	53.0
6.2362	517.675165971	36.0
6.2464	517.809711039	66.0
6.2566	517.943691643	36.0
6.2669	518.078415402	48.0
6.2771	518.211268697	35.0
6.2874	518.344858893	37.0
6.2976	518.476594364	42.0
6.3078	518.607777158	38.0
6.3181	518.739687588	34.0
6.3283	518.869766613	41.0
6.3386	519.000567151	38.0
6.3488	519.129551695	30.0
6.359	519.257995103	23.0
6.3693	519.387150952	31.0
6.3795	519.514513641	30.0
6.3898	519.642582776	32.0
6.4	519.768873838	23.0
6.4102	519.894635065	31.0
6.4205	520.021093855	27.0
6.4307	520.14579693	25.0
6.441	520.271191699	29.0
6.4512	520.394845525	22.0
6.4614	520.517980581	14.0
6.4717	520.641798633	22.0
6.4819	520.763897632	21.0
6.4922	520.886673882	26.0
6.5024	521.007745544	18.0
6.5126	521.128309268	17.0
6.5229	521.249541726	17.0
6.5331	521.36909103	15.0
6.5434	521.489303441	13.0
6.5536	521.60784686	12.0
6.5638	521.725892948	14.0
6.5741	521.844593805	9.0
6.5843	521.961646655	16.0
6.5946	522.079348767	19.0
6.6048	522.195416738	15.0
6.615	522.310997763	14.0
6.6253	522.427219884	10.0
6.6355	522.541828413	15.0
6.6458	522.657072645	18.0
6.656	522.770716861	10.0
6.6662	522.883884299	10.0
6.6765	522.997679447	14.0
6.6867	523.109894698	9.0
6.697	523.222732376	21.0
6.7072	523.33400345	11.0
6.7174	523.444807703	6.0
6.7277	523.556226557	6.0
6.7379	523.666098506	6.0
6.7482	523.776579884	9.0
6.7584	523.885527373	3.0
6.7686	523.994017789	7.0
6.7789	524.103109972	11.0
6.7891	524.210687552	8.0
6.7994	524.318861836	12.0
6.8096	524.425534262	8.0
6.8198	524.531759158	9.0
6.8301	524.638573256	12.0
6.8403	524.743904379	7.0
6.8506	524.849819746	10.0
6.8608	524.954264616	7.0
6.871	525.058271303	11.0
6.8813	525.162854886	5.0
6.8915	525.265986464	10.0
6.9018	525.369690084	10.0
6.912	525.471953915	3.0
6.9222	525.573788713	5.0
6.9325	525.676188361	8.0
6.9427	525.777166324	6.0
6.953	525.878704384	5.0
6.9632	525.97883272	7.0
6.9734	526.078540983	5.0
6.9837	526.178802301	3.0
6.9939	526.277671621	3.0
7.0042	526.377089343	6.0
7.0144	526.475126779	4.0
7.0246	526.572752914	3.0
7.0349	526.670920554	1.0
7.0451	526.767725265	2.0
7.0554	526.865066925	3.0
7.0656	526.961057124	1.0
7.0758	527.05664461	8.0
7.0861	527.152762294	7.0
7.0963	527.247545509	7.0
7.1066	527.342854461	2.0
7.1168	527.436840172	10.0
7.127	527.530431581	4.0
7.1373	527.624542115	5.0
7.1475	527.717346048	7.0
7.1578	527.810664739	3.0
7.168	527.902687822	5.0
7.1782	527.994324836	4.0
7.1885	528.086470135	4.0
7.1987	528.177336117	2.0
7.209	528.268706108	3.0
7.2192	528.358807546	7.0
7.2294	528.448530977	3.0
7.2397	528.538752079	4.0
7.2499	528.627720579	3.0
7.2602	528.717182563	4.0
7.2704	528.805402485	3.0
7.2806	528.893252292	3.0
7.2909	528.981589379	2.0
7.3011	529.068700021	2.0
7.3114	529.156293842	5.0
7.3216	529.242671537	2.0
7.3318	529.328686847	1.0
7.3421	529.415179261	8.0
7.3523	529.50047084	5.0
7.3626	529.586235509	3.0
7.3728	529.670809447	0.0
7.383	529.755028568	6.0
7.3933	529.83971483	0.0
7.4035	529.923225333	5.0
7.4138	530.007199047	6.0
7.424	530.090006895	7.0
7.4342	530.172467335	4.0
7.4445	530.255385161	7.0
7.4547	530.337151781	2.0
7.465	530.419371938	3.0
7.4752	530.500450575	6.0
7.4854	530.58118906	2.0
7.4957	530.662375379	4.0
7.5059	530.742434531	1.0
7.5162	530.82293775	5.0
7.5264	530.902323287	3.0
7.5366	530.981375774	5.0
7.5469	531.060866744	1.0
7.5571	531.139254085	3.0
7.5674	531.218076219	1.0
7.5776	531.295804012	5.0
7.5878	531.373205708	3.0
7.5981	531.451036731	3.0
7.6083	531.527787172	2.0
7.6186	531.604963326	3.0
7.6288	531.681067991	5.0
7.639	531.756853369	2.0
7.6493	531.833059109	2.0
7.6595	531.908206831	4.0
7.6698	531.983771378	1.0
7.68	532.058286809	1.0
7.6902	532.132489622	3.0
7.7005	532.207104018	4.0
7.7107	532.28068249	1.0
7.721	532.354669082	1.0
7.7312	532.427628467	4.0
7.7414	532.500281761	3.0
7.7517	532.573338044	3.0
7.7619	532.645380036	0.0
7.7722	532.717821625	1.0
7.7824	532.789257457	1.0
7.7926	532.86039359	3.0
7.8029	532.931924297	3.0
7.8131	533.002461893	4.0
7.8234	533.073390742	3.0
7.8336	533.143334836	2.0
7.8438	533.212985491	2.0
7.8541	533.283022479	3.0
7.8643	533.352087094	1.0
7.8746	533.421534792	3.0
7.8848	533.4900183	1.0
7.895	533.558214495	0.0
7.9053	533.626788956	5.0
7.9155	533.69441135	1.0
7.9258	533.762408828	1.0
7.936	533.829462249	2.0
7.9462	533.896234357	3.0
7.9565	533.963376832	4.0
7.9667	534.029587122	2.0
7.977	534.096164662	3.0
7.9872	534.16181786	1.0
7.9974	534.227195619	7.0
8.0077	534.292936011	4.0
8.0179	534.357763684	1.0
8.0282	534.422950938	2.0
8.0384	534.487233153	1.0
8.0486	534.551245681	1.0
8.0589	534.615613269	5.0
8.0691	534.679087197	1.0
8.0794	534.742913197	4.0
8.0896	534.805853057	4.0
8.0998	534.868528862	1.0
8.1101	534.931552313	2.0
8.1203	534.993700766	3.0
8.1306	535.056193939	3.0
8.1408	535.117819476	1.0
8.151	535.179186472	5.0
8.1613	535.240893855	1.0
8.1715	535.30174451	2.0
8.1818	535.362932688	1.0
8.192	535.423271348	4.0
8.2022	535.483356866	5.0
8.2125	535.543775663	1.0
8.2227	535.603355623	2.0
8.233	535.663266057	3.0
8.2432	535.722344712	1.0
8.2534	535.781175512	3.0
8.2637	535.840332631	7.0
8.2739	535.89866843	2.0
8.2842	535.957327802	4.0
8.2944	536.015172765	3.0
8.3046	536.072775049	0.0
8.3149	536.130696836	3.0
8.3251	536.187814455	2.0
8.3354	536.24524889	2.0
8.3456	536.301885923	0.0
8.3558	536.358285344	2.0
8.3661	536.414997597	2.0
8.3763	536.470922474	2.0
8.3866	536.527157552	1.0
8.3968	536.582611878	1.0
8.407	536.637833555	3.0
8.4173	536.693361531	0.0
8.4275	536.748118573	0.0
8.4378	536.803179339	2.0
8.448	536.857475657	1.0
8.4582	536.911544183	1.0
8.4685	536.965912613	2.0
8.4787	537.019526207	3.0
8.489	537.073437182	2.0
8.4992	537.126599674	0.0
8.5094	537.17953913	3.0
8.5197	537.232772227	2.0
8.5299	537.285266252	3.0
8.5402	537.338051447	3.0
8.5504	537.390103788	4.0
8.5606	537.441937752	6.0
8.5709	537.494059224	1.0
8.5811	537.545457058	2.0
8.5914	537.597139982	2.0
8.6016	537.648105356	2.0
8.6118	537.698856912	2.0
8.6221	537.749889973	1.0
8.6323	537.800214507	0.0
8.6426	537.850818177	3.0
8.6528	537.900719282	1.0
8.663	537.950411034	3.0
8.6733	538.000378412	7.0
8.6835	538.049652059	4.0
8.6938	538.099199013	5.0
8.704	538.148058073	5.0
8.7142	538.196712151	3.0
8.7245	538.245636101	3.0
8.7347	538.293880805	4.0
8.745	538.34239311	3.0
8.7552	538.390231884	1.0
8.7654	538.437869958	0.0
8.7757	538.485772268	2.0
8.7859	538.533009517	6.0
8.7962	538.580508777	1.0
8.8064	538.627348573	1.0
8.8166	538.673991859	0.0
8.8269	538.720893863	1.0
8.8371	538.767144693	3.0
8.8474	538.813652065	3.0
8.8576	538.859513742	2.0
8.8678	538.905183014	0.0
8.8781	538.9511056	0.0
8.8883	538.996390612	4.0
8.8986	539.041926807	2.0
8.9088	539.086830791	2.0
8.919	539.131546388	1.0
8.9293	539.17651001	2.0
8.9395	539.22084937	2.0
8.9498	539.265434669	3.0
8.96	539.30940096	1.0
8.9702	539.353182796	0.0
8.9805	539.397207478	5.0
8.9907	539.440620935	2.0
9.001	539.484275195	1.0
9.0112	539.527323372	1.0
9.0214	539.570190947	0.0
9.0317	539.613296297	2.0
9.0419	539.655803185	5.0
9.0522	539.698545848	1.0
9.0624	539.740695084	2.0
9.0726	539.78266749	1.0
9.0829	539.824872705	1.0
9.0931	539.866491956	1.0
9.1034	539.908342057	2.0
9.1136	539.949611125	0.0
9.1238	539.990707054	2.0
9.1341	540.032030931	1.0
9.1443	540.07278108	1.0
9.1546	540.113757259	2.0
9.1648	540.154164538	1.0
9.175	540.194402293	3.0
9.1853	540.234863237	1.0
9.1955	540.274762433	1.0
9.2058	540.314882939	1.0
9.216	540.354446425	0.0
9.2262	540.393843927	1.0
9.2365	540.433459957	5.0
9.2467	540.47252597	0.0
9.257	540.511808672	1.0
9.2672	540.550545984	0.0
9.2774	540.58912078	2.0
9.2877	540.62790954	1.0
9.2979	540.666159769	0.0
9.3082	540.704622161	4.0
9.3184	540.742550553	1.0
9.3286	540.780319822	1.0
9.3389	540.818298587	1.0
9.3491	540.855750067	4.0
9.3594	540.89340928	4.0
9.3696	540.930545643	4.0
9.3798	540.967526207	1.0
9.3901	541.004711892	1.0
9.4003	541.041381302	2.0
9.4106	541.078254107	0.0
9.4208	541.114614982	0.0
9.431	541.150823309	2.0
9.4413	541.187232475	2.0
9.4515	541.223136147	5.0
9.4618	541.259238967	0.0
9.472	541.294840546	2.0
9.4822	541.330292765	2.0
9.4925	541.365941627	1.0
9.5027	541.401095551	1.0
9.513	541.436444464	1.0
9.5232	541.471302604	0.0
9.5334	541.506014502	2.0
9.5437	541.540918937	0.0
9.5539	541.57533877	0.0
9.5642	541.60994952	1.0
9.5744	541.644079745	0.0
9.5846	541.678066782	0.0
9.5949	541.712242336	0.0
9.6051	541.745943406	0.0
9.6154	541.779831408	2.0
9.6256	541.813248919	0.0
9.6358	541.846526231	2.0
9.6461	541.879988124	2.0
9.6563	541.912985442	3.0
9.6666	541.946165788	2.0
9.6768	541.978885467	2.0
9.687	542.011467876	2.0
9.6973	542.044231011	1.0
9.7075	542.076539272	2.0
9.7178	542.109026739	0.0
9.728	542.141063159	1.0
9.7382	542.172965176	2.0
9.7485	542.205044144	3.0
9.7587	542.236677738	2.0
9.769	542.268486794	3.0
9.7792	542.299854224	3.0
9.7894	542.331090056	2.0
9.7997	542.362499145	2.0
9.8099	542.393472159	4.0
9.8202	542.424616972	2.0
9.8304	542.455329381	2.0
9.8406	542.48591294	0.0
9.8509	542.516666138	1.0
9.8611	542.546992367	1.0
9.8714	542.577486808	2.0
9.8816	542.607557874	1.0
9.8918	542.637502781	2.0
9.9021	542.667613784	2.0
9.9123	542.697306735	0.0
9.9226	542.727164385	2.0
9.9328	542.756607501	1.0
9.943	542.785927092	2.0
9.9533	542.815409311	2.0
9.9635	542.844482208	0.0
9.9738	542.873716364	0.0
9.984	542.902544643	0.0
9.9942	542.931251976	2.0
10.0045	542.960118541	1.0
10.0147	542.988584332	1.0
10.025	543.017208015	0.0
10.0352	543.045434295	0.0
10.0454	543.073542156	0.0
10.0557	543.101805924	1.0
10.0659	543.129677287	0.0
10.0762	543.157703244	0.0
10.0864	543.185340097	0.0
10.0966	543.212861004	2.0
10.1069	543.240534562	0.0
10.1171	543.267823909	1.0
10.1274	543.295264623	1.0
10.1376	543.322324358	1.0
10.1478	543.349270567	1.0
10.1581	543.376366241	5.0
10.1683	543.403085726	2.0
10.1786	543.429953417	1.0
10.1888	543.456448085	1.0
10.199	543.482831598	1.0
10.2093	543.509361454	1.0
10.2195	543.535522977	0.0
10.2298	543.561829612	2.0
10.24	543.587771013	1.0
10.2502	543.61360358	1.0
10.2605	543.639579434	1.0
10.2707	543.665194647	1.0
10.281	543.690951941	1.0
10.2912	543.716351629	1.0
10.3014	543.741644755	2.0
10.3117	543.767078176	2.0
10.3219	543.792158487	1.0
10.3322	543.817377912	0.0
10.3424	543.842247198	1.0
10.3526	543.867012148	3.0
10.3629	543.891914463	0.0
10.3731	543.916471042	1.0
10.3834	543.94116383	2.0
10.3936	543.96551379	0.0
10.4038	543.989761594	4.0
10.4141	544.014143893	1.0
10.4243	544.038187677	2.0
10.4346	544.062364824	2.0
10.4448	544.086206304	0.0
10.455	544.10994776	3.0
10.4653	544.133820904	5.0
10.4755	544.1573626	4.0
10.4858	544.181034876	2.0
10.496	544.204378492	1.0
10.5062	544.227624175	0.0
10.5165	544.250998794	1.0
10.5267	544.274048888	3.0
10.537	544.297226834	2.0
10.5472	544.320082985	2.0
10.5574	544.342843246	0.0
10.5677	544.365729752	1.0
10.5779	544.388298509	1.0
10.5882	544.410992449	0.0
10.5984	544.433371313	1.0
10.6086	544.45565629	0.0
10.6189	544.478064875	1.0
10.6291	544.500162347	0.0
10.6394	544.522382387	1.0
10.6496	544.544293931	1.0
10.6598	544.566113548	2.0
10.6701	544.588054193	3.0
10.6803	544.60969022	3.0
10.6906	544.631446257	0.0
10.7008	544.65290024	1.0
10.711	544.674264215	1.0
10.7213	544.695746691	1.0
10.7315	544.716930911	1.0
10.7418	544.738232634	0.0
10.752	544.75923861	0.0
10.7622	544.780156458	0.0
10.7725	544.801190333	2.0
10.7827	544.821932179	2.0
10.793	544.842789075	2.0
10.8032	544.8633564	3.0
10.8134	544.883837438	4.0
10.8237	544.904432079	1.0
10.8339	544.92474079	0.0
10.8442	544.945162148	2.0
10.8544	544.965299982	1.0
10.8646	544.98535333	3.0
10.8749	545.00551791	1.0
10.8851	545.02540253	1.0
10.8954	545.045397445	4.0
10.9056	545.065114756	0.0
10.9158	545.084749347	1.0
10.9261	545.104492845	1.0
10.9363	545.123962231	0.0
10.9466	545.143539608	1.0
10.9568	545.162845179	1.0
10.967	545.182069756	2.0
10.9773	545.201400966	0.0
10.9875	545.220463788	2.0
10.9978	545.239632347	1.0
11.008	545.258534774	4.0
11.0182	545.2773579	1.0
11.0285	545.296285432	2.0
11.0387	545.314950181	0.0
11.049	545.333718457	0.0
11.0592	545.352226161	0.0
11.0694	545.370656218	3.0
11.0797	545.389188501	4.0
11.0899	545.407463489	0.0
11.1002	545.425839842	1.0
11.1104	545.443961064	3.0
11.1206	545.462006261	2.0
11.1309	545.48015155	0.0
11.1411	545.498044915	2.0
11.1514	545.51603753	4.0
11.1616	545.53378034	2.0
11.1718	545.551448714	1.0
11.1821	545.569215089	1.0
11.1923	545.586734801	1.0
11.2026	545.60435169	0.0
11.2128	545.621723992	2.0
11.223	545.639023411	0.0
11.2333	545.656418785	2.0
11.2435	545.673572647	1.0
11.2538	545.690821657	2.0
11.264	545.707831187	0.0
11.2742	545.724769356	0.0
11.2845	545.741801476	0.0
11.2947	545.758597128	2.0
11.305	545.77548594	2.0
11.3152	545.792140274	1.0
11.3254	545.808724736	0.0
11.3357	545.825401188	1.0
11.3459	545.84184611	0.0
11.3562	545.858382247	0.0
11.3664	545.874688801	0.0
11.3766	545.890926943	0.0
11.3869	545.907255154	0.0
11.3971	545.923356669	1.0
11.4074	545.939547495	0.0
11.4176	545.955513533	1.0
11.4278	545.971412587	1.0
11.4381	545.987399829	2.0
11.4483	546.003165109	2.0
11.4586	546.019017835	2.0
11.4688	546.034650466	2.0
11.479	546.050217513	1.0
11.4893	546.065870906	2.0
11.4995	546.081306972	2.0
11.5098	546.096828658	1.0
11.52	546.112134846	1.0
11.5302	546.127376818	0.0
11.5405	546.142703334	1.0
11.5507	546.157817061	2.0
11.561	546.17301462	1.0
11.5712	546.188001181	0.0
11.5814	546.202924868	2.0
11.5917	546.217931332	0.0
11.6019	546.232729451	0.0
11.6122	546.247609652	2.0
11.6224	546.26228326	1.0
11.6326	546.276895307	0.0
11.6429	546.291588403	0.0
11.6531	546.306077505	2.0
11.6634	546.320646974	2.0
11.6736	546.335014165	1.0
11.6838	546.349321081	1.0
11.6941	546.363707353	0.0
11.7043	546.37789389	2.0
11.7146	546.392159116	1.0
11.7248	546.406226289	0.0
11.735	546.420234444	2.0
11.7453	546.434320299	2.0
11.7555	546.448210591	1.0
11.7658	546.462177928	2.0
11.776	546.475951346	2.0
11.7862	546.489666981	0.0
11.7965	546.503458692	0.0
11.8067	546.517058923	2.0
11.817	546.530734592	0.0
11.8272	546.544220391	1.0
11.8374	546.557649613	2.0
11.8477	546.571153323	1.0
11.8579	546.584469551	2.0
11.8682	546.597859642	0.0
11.8784	546.611063828	1.0
11.8886	546.624212618	0.0
11.8989	546.63743434	1.0
11.9091	546.650472497	1.0
11.9194	546.663582972	2.0
11.9296	546.676511426	1.0
11.9398	546.68938564	2.0
11.9501	546.702331264	1.0
11.9603	546.715097155	1.0
11.9706	546.727933855	0.0
11.9808	546.740592334	1.0
11.991	546.753197707	2.0
12.0013	546.765872997	2.0
12.0115	546.778372308	0.0
12.0218	546.79094095	1.0
12.032	546.803335092	3.0
12.0422	546.815677236	0.0
12.0525	546.828087839	1.0
12.0627	546.840326137	0.0
12.073	546.852632317	1.0
12.0832	546.864767642	0.0
12.0934	546.876852056	1.0
12.1037	546.889003498	0.0
12.1139	546.900986233	3.0
12.1242	546.913035433	3.0
[END DATA]
