TL-DOS Lehrstuhlversuch
detector=R1408305
job_number=2015-10-23-004
irradiation_dose [mSv]=4.0

[BEGIN DATA]
time [sec] 	 temperature [K] 	 photoncount 
0.0	192.537609361	0.0
0.0102	193.720248273	0.0
0.0205	194.910648942	1.0
0.0307	196.085708953	1.0
0.041	197.268480981	2.0
0.0512	198.436010661	2.0
0.0614	199.599811542	1.0
0.0717	200.771250543	2.0
0.0819	201.927593246	2.0
0.0922	203.091525122	0.0
0.1024	204.240457443	0.0
0.1126	205.38572036	1.0
0.1229	206.538499731	1.0
0.1331	207.67642327	3.0
0.1434	208.821815095	0.0
0.1536	209.952446291	0.0
0.1638	211.079466531	0.0
0.1741	212.213883498	3.0
0.1843	213.333681268	0.0
0.1946	214.460828364	0.0
0.2048	215.573449949	1.0
0.215	216.682518097	2.0
0.2253	217.798865151	0.0
0.2355	218.900825874	0.0
0.2458	220.010018857	0.0
0.256	221.104917704	0.0
0.2662	222.196319715	1.0
0.2765	223.294884688	0.0
0.2867	224.379292487	1.0
0.297	225.470817345	0.0
0.3072	226.548275755	1.0
0.3174	227.62229303	0.0
0.3277	228.703359169	0.0
0.3379	229.770493642	0.0
0.3482	230.844631807	0.0
0.3584	231.904927586	0.0
0.3686	232.961837043	0.0
0.3789	234.025683084	0.0
0.3891	235.075819374	0.0
0.3994	236.132847795	1.0
0.4096	237.176254324	0.0
0.4198	238.21632847	0.0
0.4301	239.263228709	1.0
0.4403	240.296637576	0.0
0.4506	241.336828792	0.0
0.4608	242.363615095	1.0
0.471	243.387122097	0.0
0.4813	244.41734646	0.0
0.4915	245.434294354	0.0
0.5018	246.45791656	0.0
0.512	247.468347378	0.0
0.5222	248.475551131	0.0
0.5325	249.489365245	0.0
0.5427	250.490114368	0.0
0.553	251.49743149	0.0
0.5632	252.491767347	0.0
0.5734	253.482927542	1.0
0.5837	254.480592803	0.0
0.5939	255.465401182	0.0
0.6042	256.456672941	0.0
0.6144	257.43517021	0.0
0.6246	258.410542401	0.0
0.6349	259.392316041	1.0
0.6451	260.361437594	0.0
0.6554	261.336919572	0.0
0.6656	262.299830544	0.0
0.6758	263.259666216	0.0
0.6861	264.22580137	0.0
0.6963	265.179485969	1.0
0.7066	266.139429679	1.0
0.7168	267.087002624	0.0
0.727	268.031549255	1.0
0.7373	268.982295025	0.0
0.7475	269.920788562	0.0
0.7578	270.865441511	0.0
0.768	271.797920745	0.0
0.7782	272.727421873	0.0
0.7885	273.663023393	0.0
0.7987	274.586567844	0.0
0.809	275.516173595	0.0
0.8192	276.433799544	0.0
0.8294	277.348494823	0.0
0.8397	278.269193324	0.0
0.8499	279.178026811	0.0
0.8602	280.092825047	0.0
0.8704	280.995834306	0.0
0.8806	281.895959578	0.0
0.8909	282.801992446	2.0
0.9011	283.696349296	0.0
0.9114	284.596575885	0.0
0.9216	285.48520128	0.0
0.9318	286.370988627	0.0
0.9421	287.262589469	0.0
0.9523	288.142700278	0.0
0.9626	289.028587327	0.0
0.9728	289.903057977	0.0
0.983	290.774735784	1.0
0.9933	291.652134485	0.0
1.0035	292.518226176	0.0
1.0138	293.390002098	0.0
1.024	294.250543471	1.0
1.0342	295.108336487	0.0
1.0445	295.97175927	0.0
1.0547	296.82405515	1.0
1.065	297.681944719	1.0
1.0752	298.52877869	0.0
1.0854	299.372908084	0.0
1.0957	300.222577569	0.0
1.1059	301.061297389	0.0
1.1162	301.905521797	0.0
1.1264	302.738866711	0.0
1.1366	303.569550127	0.0
1.1469	304.405685388	0.0
1.1571	305.231045399	1.0
1.1674	306.061822316	0.0
1.1776	306.881893036	0.0
1.1878	307.699344654	2.0
1.1981	308.522161274	1.0
1.2083	309.334374281	0.0
1.2186	310.15191791	1.0
1.2288	310.958925879	3.0
1.239	311.763356464	0.0
1.2493	312.573066594	0.0
1.2595	313.372342014	0.0
1.2698	314.176863145	0.0
1.28	314.971016437	0.0
1.2902	315.7626334	1.0
1.3005	316.55944581	1.0
1.3107	317.345989724	2.0
1.321	318.13769579	0.0
1.3312	318.919199164	0.0
1.3414	319.69820661	2.0
1.3517	320.482326746	0.0
1.3619	321.25634195	0.0
1.3722	322.03543708	1.0
1.3824	322.804492035	2.0
1.3926	323.571090819	2.0
1.4029	324.342720854	1.0
1.4131	325.104406916	1.0
1.4234	325.871091987	3.0
1.4336	326.627896811	1.0
1.4438	327.382284588	3.0
1.4541	328.141623475	4.0
1.4643	328.891176784	2.0
1.4746	329.645649473	4.0
1.4848	330.390399296	3.0
1.495	331.132770573	2.0
1.5053	331.880014094	1.0
1.5155	332.61762791	6.0
1.5258	333.360082747	1.0
1.536	334.092969591	4.0
1.5462	334.823515777	7.0
1.5565	335.558856597	9.0
1.5667	336.284721102	3.0
1.577	337.015349517	7.0
1.5872	337.736562345	6.0
1.5974	338.455471798	8.0
1.6077	339.179099514	8.0
1.6179	339.893401861	8.0
1.6282	340.612392233	9.0
1.6384	341.322116999	5.0
1.6486	342.029575079	2.0
1.6589	342.741676266	11.0
1.6691	343.444600626	7.0
1.6794	344.152138337	8.0
1.6896	344.850558031	12.0
1.6998	345.546747146	10.0
1.7101	346.247505407	13.0
1.7203	346.939233018	16.0
1.7306	347.635500495	13.0
1.7408	348.322795194	11.0
1.751	349.007894844	14.0
1.7613	349.69749086	9.0
1.7715	350.378200073	14.0
1.7818	351.063376837	15.0
1.792	351.739723748	13.0
1.8022	352.413910575	16.0
1.8125	353.092522147	15.0
1.8227	353.762388471	24.0
1.833	354.436651184	16.0
1.8432	355.102224694	30.0
1.8534	355.765672527	32.0
1.8637	356.433474623	20.0
1.8739	357.092670774	30.0
1.8842	357.756193283	31.0
1.8944	358.411164998	42.0
1.9046	359.064044896	34.0
1.9149	359.721209699	35.0
1.9251	360.369905639	35.0
1.9354	361.022859024	39.0
1.9456	361.667397819	39.0
1.9558	362.309878116	43.0
1.9661	362.956575066	43.0
1.9763	363.594938051	46.0
1.9866	364.237490665	53.0
1.9968	364.871762723	51.0
2.007	365.504009073	65.0
2.0173	366.140404909	71.0
2.0275	366.768599531	64.0
2.0378	367.400917046	73.0
2.048	368.025085905	68.0
2.0582	368.647261323	87.0
2.0685	369.27352013	85.0
2.0787	369.891708358	90.0
2.089	370.513953808	83.0
2.0992	371.128180399	92.0
2.1094	371.740445302	119.0
2.1197	372.356728551	111.0
2.1299	372.965069776	103.0
2.1402	373.577403595	128.0
2.1504	374.181846287	121.0
2.1606	374.784358539	140.0
2.1709	375.390825128	128.0
2.1811	375.989476201	128.0
2.1914	376.592056271	114.0
2.2016	377.18687091	149.0
2.2118	377.779785858	170.0
2.2221	378.376592156	165.0
2.2323	378.965707429	195.0
2.2426	379.558689115	170.0
2.2528	380.144029064	188.0
2.263	380.727499582	238.0
2.2733	381.314799465	223.0
2.2835	381.894530833	241.0
2.2938	382.478067026	227.0
2.304	383.054083205	263.0
2.3142	383.628259732	248.0
2.3245	384.206204626	272.0
2.3347	384.776701563	250.0
2.345	385.350942718	272.0
2.3552	385.917783645	352.0
2.3654	386.482814222	299.0
2.3757	387.051553142	294.0
2.3859	387.61296274	309.0
2.3962	388.178056917	333.0
2.4064	388.735868742	338.0
2.4166	389.291899054	359.0
2.4269	389.851578639	363.0
2.4371	390.404045651	399.0
2.4474	390.960138549	394.0
2.4576	391.509065095	401.0
2.4678	392.056238505	457.0
2.4781	392.60700306	466.0
2.4883	393.150669929	492.0
2.4986	393.697904929	505.0
2.5088	394.238087728	495.0
2.519	394.776545316	520.0
2.5293	395.318536847	476.0
2.5395	395.853543749	525.0
2.5498	396.392061946	503.0
2.56	396.923640275	537.0
2.5702	397.453520875	566.0
2.5805	397.986879125	547.0
2.5907	398.513364004	602.0
2.601	399.043304246	571.0
2.6112	399.566415165	591.0
2.6214	400.087855397	598.0
2.6317	400.612717884	574.0
2.6419	401.130816485	618.0
2.6522	401.65231541	623.0
2.6624	402.167093793	634.0
2.6726	402.680228103	646.0
2.6829	403.196730155	623.0
2.6931	403.706576061	630.0
2.7034	404.219768128	620.0
2.7136	404.726346704	660.0
2.7238	405.231307394	624.0
2.7341	405.739582183	635.0
2.7443	406.24130685	698.0
2.7546	406.746324377	606.0
2.7648	407.244833759	616.0
2.775	407.741751026	604.0
2.7853	408.241929602	548.0
2.7955	408.735662391	600.0
2.8058	409.23263559	587.0
2.816	409.723204311	533.0
2.8262	410.212206276	528.0
2.8365	410.704417602	532.0
2.8467	411.190285816	554.0
2.857	411.679342823	510.0
2.8672	412.162097367	519.0
2.8774	412.643310113	492.0
2.8877	413.127681097	504.0
2.8979	413.605810008	462.0
2.9082	414.087076919	469.0
2.9184	414.562141757	411.0
2.9286	415.035689356	411.0
2.9389	415.512344887	396.0
2.9491	415.982857773	380.0
2.9594	416.456458674	366.0
2.9696	416.923956294	374.0
2.9798	417.389960843	378.0
2.9901	417.859023818	371.0
3.0003	418.322041993	352.0
3.0106	418.788098995	391.0
3.0208	419.248149934	347.0
3.031	419.706731585	318.0
3.0413	420.168322945	324.0
3.0515	420.623965791	305.0
3.0618	421.082599059	317.0
3.072	421.535321934	349.0
3.0822	421.986598924	287.0
3.0925	422.440837683	322.0
3.1027	422.88922268	339.0
3.113	423.340550466	338.0
3.1232	423.786062004	308.0
3.1334	424.230150688	327.0
3.1437	424.677153963	331.0
3.1539	425.118396721	321.0
3.1642	425.562535392	317.0
3.1744	426.00095046	325.0
3.1846	426.43796534	314.0
3.1949	426.877848385	351.0
3.2051	427.31206267	350.0
3.2154	427.74912674	363.0
3.2256	428.180558378	345.0
3.2358	428.610612131	398.0
3.2461	429.043488362	338.0
3.2563	429.47078613	379.0
3.2666	429.900888289	410.0
3.2768	430.325447734	403.0
3.287	430.748651242	415.0
3.2973	431.174632269	404.0
3.3075	431.595123692	479.0
3.3178	432.018374835	452.0
3.328	432.436171553	431.0
3.3382	432.852633932	415.0
3.3485	433.271829588	506.0
3.3587	433.685623083	462.0
3.369	434.102132339	501.0
3.3792	434.513274052	453.0
3.3894	434.923102681	468.0
3.3997	435.335621049	516.0
3.4099	435.742823305	477.0
3.4202	436.152698063	508.0
3.4304	436.557290778	548.0
3.4406	436.960591324	523.0
3.4509	437.366538765	576.0
3.4611	437.767254774	558.0
3.4714	438.170600715	541.0
3.4816	438.568748749	579.0
3.4918	438.965625196	574.0
3.5021	439.365106377	567.0
3.5123	439.759439457	599.0
3.5226	440.156360576	579.0
3.5328	440.548166586	655.0
3.543	440.938721264	593.0
3.5533	441.331839185	574.0
3.5635	441.719891007	612.0
3.5738	442.110489645	630.0
3.584	442.496054651	597.0
3.5942	442.880388257	593.0
3.6045	443.267244277	603.0
3.6147	443.649114895	605.0
3.625	444.033491762	615.0
3.6352	444.412915175	652.0
3.6454	444.791126804	620.0
3.6557	445.171820668	630.0
3.6659	445.547608541	607.0
3.6762	445.925862741	641.0
3.6864	446.299242391	583.0
3.6966	446.671429559	609.0
3.7069	447.046059422	598.0
3.7171	447.415861441	634.0
3.7274	447.788090502	597.0
3.7376	448.155522658	619.0
3.7478	448.521781327	617.0
3.7581	448.890443781	609.0
3.7683	449.254355294	598.0
3.7786	449.620655189	602.0
3.7888	449.982234587	624.0
3.799	450.342659191	610.0
3.8093	450.705449291	599.0
3.8195	451.063564127	606.0
3.8298	451.424029299	576.0
3.84	451.779849168	618.0
3.8502	452.134532637	636.0
3.8605	452.491543922	554.0
3.8707	452.843954414	579.0
3.881	453.198677805	535.0
3.8912	453.548829887	503.0
3.9014	453.897863669	534.0
3.9117	454.24918819	516.0
3.9219	454.595985201	567.0
3.9322	454.945058271	549.0
3.9424	455.289632846	548.0
3.9526	455.633106936	509.0
3.9629	455.978835274	494.0
3.9731	456.320108222	522.0
3.9834	456.663620972	494.0
3.9936	457.002706884	515.0
4.0038	457.34070984	496.0
4.0141	457.680931137	515.0
4.0243	458.016768013	499.0
4.0346	458.354809014	487.0
4.0448	458.688493691	531.0
4.055	459.021112661	478.0
4.0653	459.355914638	467.0
4.0755	459.686402031	507.0
4.0858	460.019058441	519.0
4.096	460.347427918	464.0
4.1062	460.674748664	500.0
4.1165	461.004217643	494.0
4.1267	461.329440765	476.0
4.137	461.656798354	482.0
4.1472	461.979937296	447.0
4.1574	462.302044211	505.0
4.1677	462.626265142	479.0
4.1779	462.946307846	493.0
4.1882	463.268451018	474.0
4.1984	463.58644274	444.0
4.2086	463.903418876	451.0
4.2189	464.222475352	513.0
4.2291	464.537420158	470.0
4.2394	464.854431972	476.0
4.2496	465.167358464	520.0
4.2598	465.479285547	465.0
4.2701	465.793259833	477.0
4.2803	466.103187942	473.0
4.2906	466.415150135	477.0
4.3008	466.72309208	506.0
4.311	467.030050535	516.0
4.3213	467.339023585	456.0
4.3315	467.644014907	434.0
4.3418	467.951007913	486.0
4.352	468.25404471	496.0
4.3622	468.556113682	481.0
4.3725	468.860165158	466.0
4.3827	469.160298332	506.0
4.393	469.462401304	479.0
4.4032	469.760611085	473.0
4.4134	470.057868458	467.0
4.4237	470.357076755	496.0
4.4339	470.652429164	494.0
4.4442	470.949719996	506.0
4.4544	471.243179649	487.0
4.4646	471.535702066	501.0
4.4749	471.830144331	532.0
4.4851	472.120792127	523.0
4.4954	472.413347469	464.0
4.5056	472.70213266	461.0
4.5158	472.989995542	463.0
4.5261	473.279747692	501.0
4.5363	473.565765814	468.0
4.5466	473.853661098	478.0
4.5568	474.137846283	508.0
4.567	474.421123852	442.0
4.5773	474.706260595	474.0
4.5875	474.987722789	494.0
4.5978	475.271032243	497.0
4.608	475.550690697	464.0
4.6182	475.82945599	479.0
4.6285	476.110050844	422.0
4.6387	476.38702968	442.0
4.649	476.665826351	470.0
4.6592	476.941030178	471.0
4.6694	477.215355073	480.0
4.6797	477.491480384	451.0
4.6899	477.764047277	439.0
4.7002	478.038403048	488.0
4.7104	478.309223206	438.0
4.7206	478.579178431	472.0
4.7309	478.850905394	451.0
4.7411	479.11913062	427.0
4.7514	479.389116231	492.0
4.7616	479.655622545	445.0
4.7718	479.921277705	432.0
4.7821	480.188676381	416.0
4.7923	480.452629098	432.0
4.8026	480.718314159	446.0
4.8128	480.980575345	441.0
4.823	481.241998933	434.0
4.8333	481.505138266	459.0
4.8435	481.764886531	447.0
4.8538	482.026339545	425.0
4.864	482.284423221	438.0
4.8742	482.541682643	432.0
4.8845	482.800630479	438.0
4.8947	483.056241263	431.0
4.905	483.313529641	427.0
4.9152	483.567502352	421.0
4.9254	483.820663937	447.0
4.9357	484.075487042	367.0
4.9459	484.32702625	458.0
4.9562	484.580216331	405.0
4.9664	484.830143558	434.0
4.9766	485.07927258	417.0
4.9869	485.330036656	417.0
4.9971	485.577569144	412.0
5.0074	485.826726207	403.0
5.0176	486.072672391	399.0
5.0278	486.317833084	378.0
5.0381	486.564602787	394.0
5.0483	486.808192376	390.0
5.0586	487.053380664	388.0
5.0688	487.295409218	427.0
5.079	487.536664792	397.0
5.0893	487.779503747	382.0
5.0995	488.019213244	417.0
5.1098	488.260495974	382.0
5.12	488.498669301	412.0
5.1302	488.736081961	401.0
5.1405	488.97505278	385.0
5.1507	489.21094399	421.0
5.161	489.448383373	392.0
5.1712	489.682762882	373.0
5.1814	489.91639384	422.0
5.1917	490.151558139	412.0
5.2019	490.383691882	374.0
5.2122	490.617349138	387.0
5.2224	490.84799526	415.0
5.2326	491.077904755	385.0
5.2429	491.309323166	397.0
5.2531	491.537759295	358.0
5.2634	491.767694668	378.0
5.2736	491.994666872	427.0
5.2838	492.220914183	397.0
5.2941	492.448646373	426.0
5.3043	492.673443786	384.0
5.3146	492.899716563	390.0
5.3248	493.123073369	397.0
5.335	493.345716829	381.0
5.3453	493.569821517	412.0
5.3555	493.791038174	418.0
5.3658	494.013706694	387.0
5.376	494.233505693	383.0
5.3862	494.452602707	406.0
5.3965	494.673137673	371.0
5.4067	494.890830612	400.0
5.417	495.109952288	379.0
5.4272	495.32625015	379.0
5.4374	495.541857209	381.0
5.4477	495.758879316	393.0
5.4579	495.973104665	401.0
5.4682	496.188735993	387.0
5.4784	496.401588487	373.0
5.4886	496.613761183	403.0
5.4989	496.827326385	399.0
5.5091	497.03813938	396.0
5.5194	497.250335957	423.0
5.5296	497.459797964	404.0
5.5398	497.668591001	356.0
5.5501	497.878754363	395.0
5.5603	498.086209357	373.0
5.5706	498.295025896	385.0
5.5808	498.501151422	408.0
5.591	498.706618634	372.0
5.6013	498.913434344	366.0
5.6115	499.117584827	359.0
5.6218	499.323075166	424.0
5.632	499.525917358	402.0
5.6422	499.728111721	382.0
5.6525	499.931633103	378.0
5.6627	500.132531712	390.0
5.673	500.334748834	400.0
5.6832	500.534359991	358.0
5.6934	500.733333639	365.0
5.7037	500.933613167	359.0
5.7139	501.1313117	370.0
5.7242	501.330307744	391.0
5.7344	501.526739332	376.0
5.7446	501.722543567	418.0
5.7549	501.91963288	356.0
5.7651	502.11418231	419.0
5.7754	502.310008584	386.0
5.7856	502.503311251	356.0
5.7958	502.695996557	354.0
5.8061	502.889946472	371.0
5.8163	503.081396961	384.0
5.8266	503.274103955	378.0
5.8368	503.46432754	324.0
5.847	503.653943598	361.0
5.8573	503.844804122	344.0
5.8675	504.033205032	354.0
5.8778	504.222842433	340.0
5.888	504.410035983	344.0
5.8982	504.596631682	316.0
5.9085	504.784452025	327.0
5.9187	504.969851933	336.0
5.929	505.156468636	324.0
5.9392	505.340680414	338.0
5.9494	505.524303867	316.0
5.9597	505.709132455	333.0
5.9699	505.891579162	315.0
5.9802	506.075223283	331.0
5.9904	506.256500787	273.0
6.0006	506.437199336	333.0
6.0109	506.619083825	295.0
6.0211	506.798624373	272.0
6.0314	506.979343261	307.0
6.0416	507.157733231	293.0
6.0518	507.335553467	306.0
6.0621	507.514540751	304.0
6.0723	507.691221433	299.0
6.0826	507.869061684	309.0
6.0928	508.044610113	284.0
6.103	508.219597884	301.0
6.1133	508.395734114	253.0
6.1235	508.569600482	274.0
6.1338	508.74460795	301.0
6.144	508.917360101	290.0
6.1542	509.089560525	260.0
6.1645	509.262891115	254.0
6.1747	509.433987998	241.0
6.185	509.606207805	249.0
6.1952	509.77620822	250.0
6.2054	509.945665696	271.0
6.2157	510.116235335	241.0
6.2259	510.284606849	231.0
6.2362	510.454083399	231.0
6.2464	510.62137591	231.0
6.2566	510.78813413	244.0
6.2669	510.955986798	208.0
6.2771	511.121676353	226.0
6.2874	511.288453343	226.0
6.2976	511.453081083	192.0
6.3078	511.617183043	204.0
6.3181	511.782362018	188.0
6.3283	511.945412336	176.0
6.3386	512.109532767	179.0
6.3488	512.271538182	193.0
6.359	512.433026193	195.0
6.3693	512.595574063	174.0
6.3795	512.756027184	168.0
6.3898	512.917533371	144.0
6.4	513.076958233	153.0
6.4102	513.235873932	163.0
6.4205	513.395832608	170.0
6.4307	513.553729901	126.0
6.441	513.712663487	159.0
6.4512	513.869548901	131.0
6.4614	514.025933261	153.0
6.4717	514.183343986	134.0
6.4819	514.338726162	130.0
6.4922	514.495128126	132.0
6.5024	514.649514541	102.0
6.5126	514.803407885	137.0
6.5229	514.958311244	123.0
6.5331	515.111218367	136.0
6.5434	515.265129033	106.0
6.5536	515.417056257	127.0
6.5638	515.568498263	119.0
6.5741	515.720934195	120.0
6.5843	515.87140569	117.0
6.5946	516.022864742	110.0
6.6048	516.172371945	102.0
6.615	516.32140166	96.0
6.6253	516.471409469	97.0
6.6355	516.619484132	102.0
6.6458	516.768530622	103.0
6.656	516.915656354	92.0
6.6662	517.062312202	79.0
6.6765	517.209930565	97.0
6.6867	517.355646575	73.0
6.697	517.502318931	64.0
6.7072	517.647101125	76.0
6.7174	517.79142092	85.0
6.7277	517.936687898	76.0
6.7379	518.080082825	66.0
6.7482	518.224418865	63.0
6.7584	518.366894851	66.0
6.7686	518.508915804	57.0
6.7789	518.651868852	61.0
6.7891	518.792979668	59.0
6.7994	518.935016606	53.0
6.8096	519.075223119	58.0
6.8198	519.214981847	50.0
6.8301	519.355657823	54.0
6.8403	519.494520911	49.0
6.8506	519.63429537	48.0
6.8608	519.77226856	50.0
6.871	519.909801097	39.0
6.8813	520.048236272	48.0
6.8915	520.184887437	47.0
6.9018	520.322435455	42.0
6.912	520.458210896	32.0
6.9222	520.593552704	22.0
6.9325	520.729782771	47.0
6.9427	520.864257245	33.0
6.953	520.999614287	34.0
6.9632	521.133226986	37.0
6.9734	521.26641296	33.0
6.9837	521.400473044	42.0
6.9939	521.5328055	32.0
7.0042	521.666006465	31.0
7.0144	521.797490873	31.0
7.0246	521.928555353	38.0
7.0349	522.060480019	17.0
7.0451	522.190704577	21.0
7.0554	522.321783809	28.0
7.0656	522.451173826	27.0
7.0758	522.580150605	20.0
7.0861	522.709973868	25.0
7.0963	522.838124103	22.0
7.1066	522.967115399	13.0
7.1168	523.094444387	27.0
7.127	523.221366719	18.0
7.1373	523.349122052	19.0
7.1475	523.475231006	9.0
7.1578	523.602167624	19.0
7.168	523.727468413	20.0
7.1782	523.852369023	18.0
7.1885	523.978089366	20.0
7.1987	524.102189554	19.0
7.209	524.227104223	23.0
7.2192	524.350409119	25.0
7.2294	524.473320211	16.0
7.2397	524.597037978	16.0
7.2499	524.719161398	17.0
7.2602	524.842086324	21.0
7.2704	524.963427121	14.0
7.2806	525.084380385	14.0
7.2909	525.206127475	15.0
7.3011	525.326305614	12.0
7.3114	525.447272493	15.0
7.3216	525.566680475	8.0
7.3318	525.685707097	10.0
7.3421	525.805514901	15.0
7.3523	525.923778745	13.0
7.3626	526.042818765	10.0
7.3728	526.16032472	9.0
7.383	526.27745539	15.0
7.3933	526.395354798	8.0
7.4035	526.51173484	10.0
7.4138	526.628878694	10.0
7.424	526.744512918	4.0
7.4342	526.859777836	5.0
7.4445	526.975799246	11.0
7.4547	527.090325493	8.0
7.465	527.205603384	9.0
7.4752	527.319395693	4.0
7.4854	527.432824578	7.0
7.4957	527.546997905	8.0
7.5059	527.659699885	4.0
7.5162	527.773141537	4.0
7.5264	527.885121269	3.0
7.5366	527.996743366	10.0
7.5469	528.109098049	7.0
7.5571	528.22000482	4.0
7.5674	528.331639481	5.0
7.5776	528.44183551	6.0
7.5878	528.5516796	7.0
7.5981	528.662244606	6.0
7.6083	528.771384763	3.0
7.6186	528.881241217	5.0
7.6288	528.989681954	8.0
7.639	529.097776359	4.0
7.6493	529.206580195	6.0
7.6595	529.31398188	5.0
7.6698	529.422088452	6.0
7.68	529.528801857	7.0
7.6902	529.635174446	7.0
7.7005	529.742245167	7.0
7.7107	529.847936071	9.0
7.721	529.954320633	6.0
7.7312	530.05933422	8.0
7.7414	530.16401242	5.0
7.7517	530.269377632	7.0
7.7619	530.373385006	4.0
7.7722	530.478074988	2.0
7.7824	530.581415834	7.0
7.7926	530.684426635	5.0
7.8029	530.788113504	5.0
7.8131	530.890464164	5.0
7.8234	530.993486559	5.0
7.8336	531.095181309	7.0
7.8438	531.19655127	7.0
7.8541	531.298586531	6.0
7.8643	531.399306866	7.0
7.8746	531.500688237	4.0
7.8848	531.60076311	6.0
7.895	531.700518368	9.0
7.9053	531.800928329	6.0
7.9155	531.900044309	3.0
7.9258	531.999810796	3.0
7.936	532.098291595	6.0
7.9462	532.196457871	3.0
7.9565	532.29526842	3.0
7.9667	532.3928056	3.0
7.977	532.490982925	5.0
7.9872	532.587895042	7.0
7.9974	532.684497646	4.0
8.0077	532.781734261	4.0
8.0179	532.87771779	2.0
8.0282	532.974331267	3.0
8.0384	533.069699689	7.0
8.0486	533.164763528	2.0
8.0589	533.260451279	4.0
8.0691	533.354905905	2.0
8.0794	533.449980445	4.0
8.0896	533.543829761	1.0
8.0998	533.637379346	2.0
8.1101	533.731542905	1.0
8.1203	533.824492981	1.0
8.1306	533.918053096	1.0
8.1408	534.010407505	3.0
8.151	534.102466956	3.0
8.1613	534.195130602	4.0
8.1715	534.286600094	1.0
8.1818	534.378669907	5.0
8.192	534.46955322	3.0
8.2022	534.560146274	0.0
8.2125	534.651333898	3.0
8.2227	534.741346389	1.0
8.233	534.83194964	3.0
8.2432	534.92138529	1.0
8.2534	535.010535304	4.0
8.2637	535.100270418	6.0
8.2739	535.188849117	1.0
8.2842	535.278009166	6.0
8.2944	535.366020212	5.0
8.3046	535.453750173	4.0
8.3149	535.542055913	5.0
8.3251	535.629223659	1.0
8.3354	535.716963494	8.0
8.3456	535.803572629	2.0
8.3558	535.889905156	6.0
8.3661	535.97680429	2.0
8.3763	536.062583558	2.0
8.3866	536.148925802	0.0
8.3968	536.234155356	4.0
8.407	536.319112708	1.0
8.4173	536.404627643	3.0
8.4275	536.489040549	0.0
8.4378	536.574007464	3.0
8.448	536.657879413	0.0
8.4582	536.741483495	3.0
8.4685	536.825636278	3.0
8.4787	536.908704587	2.0
8.489	536.99231808	3.0
8.4992	537.074854049	2.0
8.5094	537.157126418	3.0
8.5197	537.239938747	0.0
8.5299	537.321683877	2.0
8.5402	537.403965506	1.0
8.5504	537.485186775	3.0
8.5606	537.566148643	1.0
8.5709	537.64764187	0.0
8.5811	537.728084897	3.0
8.5914	537.809055878	4.0
8.6016	537.888983388	6.0
8.6118	537.96865563	3.0
8.6221	538.048850767	1.0
8.6323	538.128012432	1.0
8.6426	538.207693642	3.0
8.6528	538.286348002	3.0
8.663	538.36475116	1.0
8.6733	538.443668884	0.0
8.6835	538.521569598	2.0
8.6938	538.59998158	2.0
8.704	538.67738307	4.0
8.7142	538.754537359	3.0
8.7245	538.832198017	4.0
8.7347	538.908857866	1.0
8.745	538.986020839	2.0
8.7552	539.062189415	3.0
8.7654	539.138114727	1.0
8.7757	539.214538344	5.0
8.7859	539.289977092	5.0
8.7962	539.36591095	2.0
8.8064	539.440866252	4.0
8.8166	539.515582164	3.0
8.8269	539.590788444	2.0
8.8371	539.665025542	2.0
8.8474	539.739749865	2.0
8.8576	539.813511217	2.0
8.8678	539.887036994	2.0
8.8781	539.961045327	4.0
8.8883	540.034099916	2.0
8.8986	540.107633969	3.0
8.9088	540.180220391	2.0
8.919	540.25257499	2.0
8.9293	540.325404458	0.0
8.9395	540.397295375	1.0
8.9498	540.469658118	2.0
8.96	540.541088324	2.0
8.9702	540.6122904	3.0
8.9805	540.683959782	2.0
8.9907	540.754705562	4.0
9.001	540.825915652	3.0
9.0112	540.89620806	3.0
9.0214	540.966275972	1.0
9.0317	541.036803745	0.0
9.0419	541.106422629	5.0
9.0522	541.176498428	5.0
9.0624	541.245671161	3.0
9.0726	541.314622975	1.0
9.0829	541.384027324	4.0
9.0931	541.452537262	0.0
9.1034	541.521496837	1.0
9.1136	541.589567731	5.0
9.1238	541.657421224	1.0
9.1341	541.725720045	1.0
9.1443	541.793138701	1.0
9.1546	541.860999831	2.0
9.1648	541.927986437	2.0
9.175	541.994759104	4.0
9.1853	542.061970006	2.0
9.1955	542.128314763	1.0
9.2058	542.195094947	2.0
9.216	542.261014536	2.0
9.2262	542.326723594	0.0
9.2365	542.392863906	3.0
9.2467	542.45815187	1.0
9.257	542.523868324	2.0
9.2672	542.588737893	3.0
9.2774	542.653400284	3.0
9.2877	542.718487059	1.0
9.2979	542.782735064	0.0
9.3082	542.847404733	2.0
9.3184	542.911241006	0.0
9.3286	542.974873402	2.0
9.3389	543.038923423	7.0
9.3491	543.102148033	2.0
9.3594	543.165787591	1.0
9.3696	543.228607029	4.0
9.3798	543.291225836	1.0
9.3901	543.354255616	1.0
9.4003	543.416473134	2.0
9.4106	543.47909899	3.0
9.4208	543.540917788	1.0
9.431	543.602539152	1.0
9.4413	543.664564943	2.0
9.4515	543.725791409	0.0
9.4618	543.78741971	2.0
9.472	543.848253808	0.0
9.4822	543.908893618	4.0
9.4925	543.969931411	4.0
9.5027	544.030182613	5.0
9.513	544.090829248	0.0
9.5232	544.150694331	4.0
9.5334	544.210368221	2.0
9.5437	544.270433755	1.0
9.5539	544.329725226	2.0
9.5642	544.389405832	2.0
9.5744	544.448317336	1.0
9.5846	544.507040692	2.0
9.5949	544.566149453	5.0
9.6051	544.624496482	1.0
9.6154	544.683226447	1.0
9.6256	544.741199561	0.0
9.6358	544.798987523	4.0
9.6461	544.857154752	1.0
9.6563	544.914572382	1.0
9.6666	544.972366849	3.0
9.6768	545.02941652	1.0
9.687	545.086283988	4.0
9.6973	545.143524683	7.0
9.7075	545.200027718	3.0
9.7178	545.256901588	1.0
9.728	545.313042525	2.0
9.7382	545.369004163	2.0
9.7485	545.425333081	2.0
9.7587	545.48093609	3.0
9.769	545.536904027	1.0
9.7792	545.592150706	4.0
9.7894	545.647220941	1.0
9.7997	545.702652607	1.0
9.8099	545.757369926	1.0
9.8202	545.81244636	0.0
9.8304	545.866813025	1.0
9.8406	545.921006057	4.0
9.8509	545.975554762	1.0
9.8611	546.0294005	1.0
9.8714	546.083599631	3.0
9.8816	546.1371003	1.0
9.8918	546.190430102	2.0
9.9021	546.244109911	2.0
9.9123	546.29709795	1.0
9.9226	546.350433754	3.0
9.9328	546.403082221	1.0
9.943	546.455562542	2.0
9.9533	546.508387295	2.0
9.9635	546.560531298	1.0
9.9738	546.613017526	0.0
9.984	546.664827365	3.0
9.9942	546.716471737	2.0
10.0045	546.768455055	2.0
10.0147	546.819768466	4.0
10.025	546.871418651	5.0
10.0352	546.922403221	0.0
10.0454	546.973224959	2.0
10.0557	547.024380245	1.0
10.0659	547.074876294	0.0
10.0762	547.125703753	2.0
10.0864	547.1758762	6.0
10.0966	547.225888408	1.0
10.1069	547.276228851	2.0
10.1171	547.325920558	1.0
10.1274	547.375938396	1.0
10.1376	547.425311655	1.0
10.1478	547.474527229	1.0
10.1581	547.524065808	3.0
10.1683	547.572965985	3.0
10.1786	547.622187099	2.0
10.1888	547.670773901	2.0
10.199	547.719205529	2.0
10.2093	547.767955017	5.0
10.2195	547.816076273	1.0
10.2298	547.864513352	1.0
10.24	547.912326224	1.0
10.2502	547.959986394	2.0
10.2605	548.007959362	3.0
10.2707	548.055314103	0.0
10.281	548.102979637	3.0
10.2912	548.150030907	2.0
10.3014	548.196931907	0.0
10.3117	548.244140722	0.0
10.3219	548.290741158	2.0
10.3322	548.337647437	3.0
10.3424	548.383949236	1.0
10.3526	548.430103159	3.0
10.3629	548.476559994	1.0
10.3731	548.522418141	0.0
10.3834	548.568577259	0.0
10.3936	548.614141525	0.0
10.4038	548.659560271	0.0
10.4141	548.705277103	1.0
10.4243	548.750404785	2.0
10.4346	548.795828643	2.0
10.4448	548.840667125	3.0
10.455	548.885362404	2.0
10.4653	548.930351021	4.0
10.4755	548.974759872	1.0
10.4858	549.019460182	2.0
10.496	549.063584441	2.0
10.5062	549.107567777	1.0
10.5165	549.15183978	1.0
10.5267	549.19554125	3.0
10.537	549.239529537	4.0
10.5472	549.282950949	2.0
10.5574	549.326233683	1.0
10.5677	549.369800485	0.0
10.5779	549.412805843	0.0
10.5882	549.456093449	3.0
10.5984	549.498823209	2.0
10.6086	549.541416501	1.0
10.6189	549.584289336	2.0
10.6291	549.62660967	2.0
10.6394	549.669207756	3.0
10.6496	549.711256882	1.0
10.6598	549.753171713	2.0
10.6701	549.795361634	5.0
10.6803	549.837007856	2.0
10.6906	549.878927405	1.0
10.7008	549.920306738	1.0
10.711	549.961553916	1.0
10.7213	550.003071802	0.0
10.7315	550.044054649	0.0
10.7418	550.085306469	4.0
10.752	550.126026679	1.0
10.7622	550.166616838	1.0
10.7725	550.207473394	3.0
10.7827	550.247803433	0.0
10.793	550.288398161	3.0
10.8032	550.328469746	1.0
10.8134	550.368413352	2.0
10.8237	550.408619111	1.0
10.8339	550.448306741	0.0
10.8442	550.488254843	4.0
10.8544	550.527688135	1.0
10.8646	550.566995487	2.0
10.8749	550.606560817	2.0
10.8851	550.645616269	0.0
10.8954	550.684928046	3.0
10.9056	550.723733213	2.0
10.9158	550.762414445	0.0
10.9261	550.801349546	1.0
10.9363	550.839782892	0.0
10.9466	550.878468479	1.0
10.9568	550.916655525	0.0
10.967	550.954720612	2.0
10.9773	550.993035523	1.0
10.9875	551.030856671	2.0
10.9978	551.068926042	0.0
11.008	551.106504815	0.0
11.0182	551.14396357	1.0
11.0285	551.18166817	3.0
11.0387	551.218886872	0.0
11.049	551.256349844	3.0
11.0592	551.293330031	2.0
11.0694	551.330192113	0.0
11.0797	551.367296123	7.0
11.0899	551.403921976	0.0
11.1002	551.440788207	3.0
11.1104	551.477179344	0.0
11.1206	551.513454256	0.0
11.1309	551.549967244	4.0
11.1411	551.58600969	2.0
11.1514	551.622288686	3.0
11.1616	551.658100155	3.0
11.1718	551.693797252	1.0
11.1821	551.729728631	1.0
11.1923	551.765196964	1.0
11.2026	551.800898078	2.0
11.2128	551.836139114	2.0
11.223	551.871267598	0.0
11.2333	551.906626633	1.0
11.2435	551.941529997	1.0
11.2538	551.976662436	3.0
11.264	552.011342123	3.0
11.2742	552.045911052	0.0
11.2845	552.08070686	1.0
11.2947	552.115054255	0.0
11.305	552.149627076	2.0
11.3152	552.183754357	1.0
11.3254	552.217772644	2.0
11.3357	552.252014196	2.0
11.3459	552.285814478	0.0
11.3562	552.319836595	0.0
11.3664	552.353420269	1.0
11.3766	552.386896685	3.0
11.3869	552.42059281	0.0
11.3971	552.453854694	1.0
11.4074	552.487334878	3.0
11.4176	552.520383605	0.0
11.4278	552.553326782	0.0
11.4381	552.586486167	0.0
11.4483	552.619218229	1.0
11.4586	552.652165114	1.0
11.4688	552.684687413	0.0
11.479	552.717105844	4.0
11.4893	552.74973704	2.0
11.4995	552.781947719	3.0
11.5098	552.8143698	1.0
11.52	552.846374057	0.0
11.5302	552.878276101	2.0
11.5405	552.910387521	2.0
11.5507	552.942085122	1.0
11.561	552.973990757	2.0
11.5712	553.005485226	2.0
11.5814	553.036879108	1.0
11.5917	553.068479031	4.0
11.6019	553.099671727	0.0
11.6122	553.131069143	1.0
11.6224	553.162061942	0.0
11.6326	553.192955757	2.0
11.6429	553.224052331	5.0
11.6531	553.254748165	2.0
11.6634	553.285645457	3.0
11.6736	553.316144578	0.0
11.6838	553.346546291	0.0
11.6941	553.377147534	0.0
11.7043	553.407354419	1.0
11.7146	553.437759555	1.0
11.7248	553.46777286	1.0
11.735	553.497690311	0.0
11.7453	553.527804112	1.0
11.7555	553.557529837	0.0
11.7658	553.587450655	3.0
11.776	553.616985884	1.0
11.7862	553.646426785	0.0
11.7965	553.67606091	2.0
11.8067	553.70531314	1.0
11.817	553.734757354	3.0
11.8272	553.763822123	0.0
11.8374	553.792794065	0.0
11.8477	553.821956153	3.0
11.8579	553.85074243	1.0
11.8682	553.879717633	0.0
11.8784	553.908319434	2.0
11.8886	553.936829888	0.0
11.8989	553.965527459	3.0
11.9091	553.993855204	3.0
11.9194	554.022368867	0.0
11.9296	554.050515075	1.0
11.9398	554.078571392	2.0
11.9501	554.106811844	4.0
11.9603	554.134688362	0.0
11.9706	554.162747837	2.0
11.9808	554.190445709	0.0
11.991	554.218055122	0.0
12.0013	554.245845737	2.0
12.0115	554.273278216	2.0
12.0218	554.300890736	3.0
12.032	554.328147414	1.0
12.0422	554.355317042	1.0
12.0525	554.382664986	4.0
12.0627	554.409660498	3.0
12.073	554.436833183	0.0
12.0832	554.463655695	1.0
12.0934	554.490392543	1.0
12.1037	554.517304867	0.0
12.1139	554.543870372	0.0
12.1242	554.570610229	2.0
[END DATA]
