TL-DOS Lehrstuhlversuch
detector=R1408302
job_number=2015-10-22-008
irradiation_dose [mSv]=3.0

[BEGIN DATA]
time [sec] 	 temperature [K] 	 photoncount 
0.0	248.971955524	0.0
0.0102	249.630667895	0.0
0.0205	250.294574007	1.0
0.0307	250.950784855	1.0
0.041	251.61216972	0.0
0.0512	252.265888545	1.0
0.0614	252.918370965	1.0
0.0717	253.575998005	0.0
0.0819	254.226002561	1.0
0.0922	254.8811322	1.0
0.1024	255.528668303	0.0
0.1126	256.174979693	4.0
0.1229	256.826387047	0.0
0.1331	257.470244009	4.0
0.1434	258.119177582	3.0
0.1536	258.760589437	2.0
0.1638	259.400788162	1.0
0.1741	260.046034655	2.0
0.1843	260.683802166	0.0
0.1946	261.326598274	0.0
0.2048	261.961943802	1.0
0.215	262.596087675	0.0
0.2253	263.235231574	1.0
0.2355	263.866967225	1.0
0.2458	264.503683915	2.0
0.256	265.133020491	1.0
0.2662	265.761166776	0.0
0.2765	266.394265799	0.0
0.2867	267.02002664	0.0
0.297	267.650721409	2.0
0.3072	268.274105864	0.0
0.3174	268.896311286	0.0
0.3277	269.523422603	0.0
0.3379	270.143265141	0.0
0.3482	270.767994944	0.0
0.3584	271.385483571	0.0
0.3686	272.001804317	0.0
0.3789	272.622984559	1.0
0.3891	273.236964768	4.0
0.3994	273.85578602	0.0
0.4096	274.467434581	0.0
0.4198	275.077926306	0.0
0.4301	275.693231568	0.0
0.4403	276.301404893	0.0
0.4506	276.914373475	0.0
0.4608	277.520237205	0.0
0.471	278.124955039	0.0
0.4813	278.734440885	0.0
0.4915	279.336862246	0.0
0.5018	279.944033512	0.0
0.512	280.544167121	1.0
0.5222	281.143165673	0.0
0.5325	281.746887141	0.0
0.5427	282.34361094	0.0
0.553	282.945039719	0.0
0.5632	283.539497402	0.0
0.5734	284.132830763	1.0
0.5837	284.730842372	0.0
0.5939	285.321922493	2.0
0.6042	285.917663096	0.0
0.6144	286.506498535	0.0
0.6246	287.094220285	0.0
0.6349	287.686576037	0.0
0.6451	288.272065858	0.0
0.6554	288.862172083	0.0
0.6656	289.445438451	0.0
0.6758	290.027601664	0.0
0.6861	290.614355051	0.0
0.6963	291.194307444	0.0
0.7066	291.77883258	0.0
0.7168	292.356582548	0.0
0.727	292.933239794	0.0
0.7373	293.514443802	0.0
0.7475	294.088911138	0.0
0.7578	294.667907969	0.0
0.768	295.240193711	0.0
0.7782	295.811397065	0.0
0.7885	296.387104179	0.0
0.7987	296.956138334	0.0
0.809	297.529659146	0.0
0.8192	298.09653234	0.0
0.8294	298.662333384	0.0
0.8397	299.232595592	0.0
0.8499	299.796247953	0.0
0.8602	300.364344536	0.0
0.8704	300.925856374	0.0
0.8806	301.486306201	0.0
0.8909	302.051175	0.0
0.9011	302.609496466	1.0
0.9114	303.172220122	0.0
0.9216	303.728421309	0.0
0.9318	304.28357053	0.0
0.9421	304.843096929	0.0
0.9523	305.396137919	0.0
0.9626	305.953539464	0.0
0.9728	306.504480228	0.0
0.983	307.054378975	0.0
0.9933	307.608613501	0.0
1.0035	308.156423956	0.0
1.0138	308.708553725	0.0
1.024	309.254283817	0.0
1.0342	309.798981748	0.0
1.0445	310.347974452	0.0
1.0547	310.89060384	0.0
1.065	311.437511692	0.0
1.0752	311.978080395	0.0
1.0854	312.517626697	1.0
1.0957	313.061427154	0.0
1.1059	313.598924478	1.0
1.1162	314.140659801	0.0
1.1264	314.676115928	0.0
1.1366	315.210559326	1.0
1.1469	315.749216642	0.0
1.1571	316.28163044	0.0
1.1674	316.818242155	0.0
1.1776	317.348634061	0.0
1.1878	317.878022815	0.0
1.1981	318.411585634	0.0
1.2083	318.938963984	0.0
1.2186	319.470500548	0.0
1.2288	319.995876129	0.0
1.239	320.520258046	1.0
1.2493	321.04877455	0.0
1.2595	321.571165077	1.0
1.2698	322.097674489	0.0
1.28	322.618081189	0.0
1.2902	323.137503621	0.0
1.3005	323.661021538	0.0
1.3107	324.178471414	1.0
1.321	324.700001222	0.0
1.3312	325.215486034	0.0
1.3414	325.729995888	2.0
1.3517	326.248562492	0.0
1.3619	326.761118446	2.0
1.3722	327.277715745	0.0
1.3824	327.788325219	0.0
1.3926	328.297968957	0.0
1.4029	328.811631077	1.0
1.4131	329.319339395	0.0
1.4234	329.831050834	0.0
1.4336	330.336831082	0.0
1.4438	330.841654726	0.0
1.4541	331.350458747	1.0
1.4643	331.853365276	1.0
1.4746	332.360237066	2.0
1.4848	332.86123376	0.0
1.495	333.361282898	3.0
1.5053	333.865274767	1.0
1.5155	334.363424921	3.0
1.5258	334.865502834	4.0
1.536	335.361761216	1.0
1.5462	335.857081004	1.0
1.5565	336.356306234	3.0
1.5667	336.849744998	0.0
1.577	337.347074372	1.0
1.5872	337.838639256	0.0
1.5974	338.329274423	1.0
1.6077	338.823778095	1.0
1.6179	339.312550029	1.0
1.6282	339.805175776	1.0
1.6384	340.292091552	2.0
1.6486	340.778086404	1.0
1.6589	341.267913174	1.0
1.6691	341.752062414	2.0
1.6794	342.24002902	2.0
1.6896	342.722339658	3.0
1.6998	343.203738083	1.0
1.7101	343.688932183	7.0
1.7203	344.168502451	2.0
1.7306	344.651853981	4.0
1.7408	345.129603035	6.0
1.751	345.606448503	5.0
1.7613	346.087053749	4.0
1.7715	346.562088352	3.0
1.7818	347.040868453	2.0
1.792	347.514099067	5.0
1.8022	347.98643464	2.0
1.8125	348.462494431	5.0
1.8227	348.933036265	3.0
1.833	349.407288175	2.0
1.8432	349.876043082	4.0
1.8534	350.343911413	11.0
1.8637	350.81546874	7.0
1.8739	351.281560297	2.0
1.8842	351.751326841	1.0
1.8944	352.215648371	7.0
1.9046	352.679091711	6.0
1.9149	353.146189157	7.0
1.9251	353.607872527	6.0
1.9354	354.073196127	8.0
1.9456	354.53312621	10.0
1.9558	354.992186409	5.0
1.9661	355.454866155	5.0
1.9763	355.912183029	10.0
1.9866	356.373105705	13.0
1.9968	356.828685875	5.0
2.007	357.283404388	10.0
2.0173	357.741708215	15.0
2.0275	358.194699891	12.0
2.0378	358.651263265	9.0
2.048	359.102534663	9.0
2.0582	359.552952552	10.0
2.0685	360.006921846	11.0
2.0787	360.455629231	17.0
2.089	360.907874534	9.0
2.0992	361.35487791	13.0
2.1094	361.80103585	13.0
2.1197	362.250711607	14.0
2.1299	362.69517522	21.0
2.1402	363.14314329	18.0
2.1504	363.585919011	20.0
2.1606	364.027857292	18.0
2.1709	364.473280118	14.0
2.1811	364.913540096	14.0
2.1914	365.357271387	15.0
2.2016	365.795859437	21.0
2.2118	366.233617966	25.0
2.2221	366.674828086	13.0
2.2323	367.110924186	21.0
2.2426	367.550458768	25.0
2.2528	367.984898752	21.0
2.263	368.418517062	25.0
2.2733	368.855554317	28.0
2.2835	369.287525921	39.0
2.2938	369.722903485	20.0
2.304	370.153234636	22.0
2.3142	370.582751883	29.0
2.3245	371.01565574	40.0
2.3347	371.443541855	39.0
2.345	371.874801718	44.0
2.3552	372.301062895	41.0
2.3654	372.726517867	36.0
2.3757	373.155327419	36.0
2.3859	373.579166685	44.0
2.3962	374.006347791	52.0
2.4064	374.428577488	56.0
2.4166	374.850008604	37.0
2.4269	375.274762573	51.0
2.4371	375.694593265	48.0
2.4474	376.11773419	36.0
2.4576	376.535970535	49.0
2.4678	376.953415852	53.0
2.4781	377.374152595	66.0
2.4883	377.790012625	65.0
2.4986	378.20915158	72.0
2.5088	378.623432342	72.0
2.519	379.036929557	85.0
2.5293	379.453687068	93.0
2.5395	379.865613989	97.0
2.5498	380.280788824	71.0
2.56	380.691151413	80.0
2.5702	381.100737866	98.0
2.5805	381.513553781	104.0
2.5907	381.921584791	108.0
2.601	382.332832998	103.0
2.6112	382.739314471	101.0
2.6214	383.14502715	112.0
2.6317	383.553938746	98.0
2.6419	383.958110692	120.0
2.6522	384.365469408	124.0
2.6624	384.768106473	114.0
2.6726	385.169982014	125.0
2.6829	385.575026218	135.0
2.6931	385.975375599	148.0
2.7034	386.378881609	154.0
2.7136	386.777710625	162.0
2.7238	387.175785319	139.0
2.7341	387.576998708	174.0
2.7443	387.973561676	153.0
2.7546	388.373251419	168.0
2.7648	388.768308401	173.0
2.775	389.162618196	181.0
2.7853	389.560037001	204.0
2.7955	389.952849367	184.0
2.8058	390.348758936	194.0
2.816	390.74007956	204.0
2.8262	391.130660064	212.0
2.8365	391.524320172	222.0
2.8467	391.913417409	258.0
2.857	392.305582556	228.0
2.8672	392.69320216	230.0
2.8774	393.080088642	266.0
2.8877	393.470025604	275.0
2.8979	393.855442848	260.0
2.9082	394.243898987	265.0
2.9184	394.627852573	263.0
2.9286	395.011079972	289.0
2.9389	395.397328999	255.0
2.9491	395.779101056	294.0
2.9594	396.163883266	328.0
2.9696	396.544205507	277.0
2.9798	396.923808428	335.0
2.9901	397.306404401	332.0
3.0003	397.684565745	348.0
3.0106	398.065708773	334.0
3.0208	398.442434013	328.0
3.031	398.818446738	342.0
3.0413	399.197424205	358.0
3.0515	399.572008986	369.0
3.0618	399.94954725	393.0
3.072	400.32270951	366.0
3.0822	400.695165992	388.0
3.0925	401.070559177	356.0
3.1027	401.441601221	384.0
3.113	401.815568815	377.0
3.1232	402.185201791	398.0
3.1334	402.554135666	409.0
3.1437	402.925978468	405.0
3.1539	403.293511281	412.0
3.1642	403.663941976	404.0
3.1744	404.030079048	432.0
3.1846	404.39552363	422.0
3.1949	404.763849629	433.0
3.2051	405.127906401	455.0
3.2154	405.494833647	417.0
3.2256	405.857507878	401.0
3.2358	406.21949617	446.0
3.2461	406.584338625	412.0
3.2563	406.944952232	407.0
3.2666	407.308409164	409.0
3.2768	407.667653306	411.0
3.287	408.026217995	413.0
3.2973	408.387609854	391.0
3.3075	408.74481286	379.0
3.3178	409.1048323	406.0
3.328	409.460678793	401.0
3.3382	409.815852259	438.0
3.3485	410.173826157	410.0
3.3587	410.527650819	388.0
3.369	410.884265277	351.0
3.3792	411.236746256	362.0
3.3894	411.588560573	330.0
3.3997	411.943148836	362.0
3.4099	412.293627105	355.0
3.4202	412.646868785	361.0
3.4304	412.99601608	349.0
3.4406	413.344503018	330.0
3.4509	413.695737666	307.0
3.4611	414.042901192	336.0
3.4714	414.392801993	303.0
3.4816	414.738647133	303.0
3.4918	415.083838161	286.0
3.5021	415.431750913	266.0
3.5123	415.775631046	296.0
3.5226	416.122222566	274.0
3.5328	416.464796781	256.0
3.543	416.806723072	240.0
3.5533	417.151345344	239.0
3.5635	417.491973137	250.0
3.5738	417.835286674	244.0
3.584	418.174620901	218.0
3.5942	418.513313332	212.0
3.6045	418.854676246	213.0
3.6147	419.192082459	222.0
3.625	419.532149016	221.0
3.6352	419.868273897	197.0
3.6454	420.203763052	210.0
3.6557	420.541897434	211.0
3.6659	420.876112537	215.0
3.6762	421.212962822	205.0
3.6864	421.545908711	192.0
3.6966	421.878224886	193.0
3.7069	422.213161271	185.0
3.7171	422.544215444	219.0
3.7274	422.877879876	176.0
3.7376	423.20767684	181.0
3.7478	423.536850045	201.0
3.7581	423.868618678	198.0
3.7683	424.196541816	211.0
3.7786	424.527050526	236.0
3.7888	424.853728346	228.0
3.799	425.179788306	207.0
3.8093	425.508419148	239.0
3.8195	425.833240864	221.0
3.8298	426.160623699	223.0
3.84	426.484211875	230.0
3.8502	426.807188035	254.0
3.8605	427.132710761	224.0
3.8707	427.454460388	265.0
3.881	427.778746911	256.0
3.8912	428.099274664	271.0
3.9014	428.419196189	244.0
3.9117	428.741640196	249.0
3.9219	429.060346789	249.0
3.9322	429.381566284	273.0
3.9424	429.699062559	242.0
3.9526	430.01595834	287.0
3.9629	430.335352745	274.0
3.9731	430.651045085	295.0
3.9834	430.969226559	307.0
3.9936	431.283720027	297.0
4.0038	431.597618681	275.0
4.0141	431.913992327	283.0
4.0243	432.22669892	294.0
4.0346	432.541871108	360.0
4.0448	432.853390168	304.0
4.055	433.16432004	318.0
4.0653	433.477701497	312.0
4.0755	433.787450583	316.0
4.0858	434.099641944	337.0
4.096	434.408214729	340.0
4.1062	434.716203897	363.0
4.1165	435.026621464	367.0
4.1267	435.333441015	346.0
4.137	435.642679741	376.0
4.1472	435.948334115	365.0
4.1574	436.253410393	351.0
4.1677	436.560892101	346.0
4.1779	436.864809823	343.0
4.1882	437.171123841	335.0
4.1984	437.473887406	363.0
4.2086	437.776078342	375.0
4.2189	438.080651959	386.0
4.2291	438.381695296	401.0
4.2394	438.685112266	348.0
4.2496	438.985012363	385.0
4.2598	439.284345246	408.0
4.2701	439.586038276	400.0
4.2803	439.884234414	400.0
4.2906	440.184781736	410.0
4.3008	440.481845446	391.0
4.311	440.778347308	421.0
4.3213	441.077186994	401.0
4.3315	441.372562861	372.0
4.3418	441.670267675	419.0
4.352	441.964521825	375.0
4.3622	442.25821944	418.0
4.3725	442.554232769	397.0
4.3827	442.846815039	376.0
4.393	443.14170423	402.0
4.4032	443.433175391	408.0
4.4134	443.724095281	411.0
4.4237	444.017308984	405.0
4.4339	444.307124078	395.0
4.4442	444.599224274	418.0
4.4544	444.887938768	376.0
4.4646	445.176107205	422.0
4.4749	445.46654776	384.0
4.4851	445.753621849	411.0
4.4954	446.042959428	448.0
4.5056	446.328943327	405.0
4.5158	446.614386332	389.0
4.5261	446.902079967	365.0
4.5363	447.186438976	367.0
4.5466	447.473040066	400.0
4.5568	447.756319195	380.0
4.567	448.039062546	335.0
4.5773	448.32403524	406.0
4.5875	448.605704846	371.0
4.5978	448.889595329	394.0
4.608	449.170195269	361.0
4.6182	449.450264498	343.0
4.6285	449.732541985	361.0
4.6387	450.011547625	332.0
4.649	450.292753137	350.0
4.6592	450.570699227	351.0
4.6694	450.848119625	350.0
4.6797	451.127727397	342.0
4.6899	451.404094266	357.0
4.7002	451.6826402	359.0
4.7104	451.957957539	321.0
4.7206	452.23275416	346.0
4.7309	452.509717465	304.0
4.7411	452.783470519	350.0
4.7514	453.05938203	347.0
4.7616	453.332095481	354.0
4.7718	453.604293138	316.0
4.7821	453.878636988	324.0
4.7923	454.149800948	326.0
4.8026	454.423102952	297.0
4.8128	454.693237141	295.0
4.823	454.962860415	348.0
4.8333	455.234609583	309.0
4.8435	455.503208937	332.0
4.8538	455.773926113	287.0
4.864	456.041505435	319.0
4.8742	456.308578674	283.0
4.8845	456.577757701	343.0
4.8947	456.843816704	288.0
4.905	457.111973498	328.0
4.9152	457.377022117	305.0
4.9254	457.641569438	298.0
4.9357	457.908202632	294.0
4.9459	458.171745309	346.0
4.9562	458.437365938	292.0
4.9664	458.699907788	328.0
4.9766	458.961953081	280.0
4.9869	459.226064519	302.0
4.9971	459.48711467	296.0
5.0074	459.750223121	303.0
5.0176	460.010281909	316.0
5.0278	460.269848838	306.0
5.0381	460.531462371	285.0
5.0483	460.79004357	336.0
5.0586	461.0506636	319.0
5.0688	461.308262813	284.0
5.079	461.565374817	288.0
5.0893	461.824514069	305.0
5.0995	462.080649666	307.0
5.1098	462.338804812	324.0
5.12	462.59396771	341.0
5.1302	462.848648008	308.0
5.1405	463.10533638	331.0
5.1507	463.359049506	301.0
5.161	463.61476308	322.0
5.1712	463.867512706	296.0
5.1814	464.119784295	331.0
5.1917	464.374044968	322.0
5.2019	464.625358533	325.0
5.2122	464.878653627	324.0
5.2224	465.129012804	312.0
5.2326	465.378898467	312.0
5.2429	465.630754401	279.0
5.2531	465.879691099	346.0
5.2634	466.130590586	277.0
5.2736	466.378581924	330.0
5.2838	466.626104226	289.0
5.2941	466.875578164	339.0
5.3043	467.122160476	324.0
5.3146	467.370687013	297.0
5.3248	467.616332906	311.0
5.335	467.861514198	333.0
5.3453	468.108628669	286.0
5.3555	468.352878862	283.0
5.3658	468.599054892	300.0
5.376	468.842377522	319.0
5.3862	469.085239946	333.0
5.3965	469.330017265	295.0
5.4067	469.571957396	299.0
5.417	469.815805149	323.0
5.4272	470.05682649	321.0
5.4374	470.297391977	316.0
5.4477	470.539854248	331.0
5.4579	470.779506164	304.0
5.4682	471.021047662	279.0
5.4784	471.259789478	297.0
5.4886	471.498079751	316.0
5.4989	471.738248869	284.0
5.5091	471.975634213	298.0
5.5194	472.214891266	331.0
5.5296	472.451375117	314.0
5.5398	472.687411696	297.0
5.5501	472.92530935	283.0
5.5603	473.160449557	305.0
5.5706	473.397443772	329.0
5.5808	473.631691013	273.0
5.591	473.865495212	284.0
5.6013	474.101142884	309.0
5.6115	474.334059189	314.0
5.6218	474.568811967	282.0
5.632	474.800843751	273.0
5.6422	475.032436684	290.0
5.6525	475.265855654	291.0
5.6627	475.49656909	316.0
5.673	475.72910163	276.0
5.6832	475.958938911	294.0
5.6934	476.18834149	303.0
5.7037	476.419552838	288.0
5.7139	476.648084239	300.0
5.7242	476.87841754	311.0
5.7344	477.106081072	274.0
5.7446	477.333314015	316.0
5.7549	477.562338618	297.0
5.7651	477.788708622	283.0
5.7754	478.016863483	321.0
5.7856	478.242373826	318.0
5.7958	478.467457651	294.0
5.8061	478.694316192	282.0
5.8163	478.918545241	293.0
5.8266	479.144542265	264.0
5.8368	479.367919783	282.0
5.847	479.590874817	276.0
5.8573	479.815587782	302.0
5.8675	480.037696124	304.0
5.8778	480.26155572	252.0
5.888	480.482820584	245.0
5.8982	480.703666961	278.0
5.9085	480.926254642	306.0
5.9187	481.146262334	249.0
5.929	481.368004718	258.0
5.9392	481.58717691	280.0
5.9494	481.805934572	279.0
5.9597	482.02641707	309.0
5.9699	482.24434398	236.0
5.9802	482.463989175	245.0
5.9904	482.681088486	254.0
6.0006	482.897777188	268.0
6.0109	483.116174414	250.0
6.0211	483.33204022	284.0
6.0314	483.549608061	292.0
6.0416	483.764654097	270.0
6.0518	483.979293408	233.0
6.0621	484.195625082	269.0
6.0723	484.409449279	297.0
6.0826	484.624959414	266.0
6.0928	484.837971593	262.0
6.103	485.050580894	272.0
6.1133	485.264866553	262.0
6.1235	485.476668451	241.0
6.1338	485.690140339	257.0
6.144	485.901137899	267.0
6.1542	486.11173639	273.0
6.1645	486.323995384	267.0
6.1747	486.533794107	248.0
6.185	486.745247028	244.0
6.1952	486.954249021	265.0
6.2054	487.16285572	274.0
6.2157	487.373107217	277.0
6.2259	487.580921712	253.0
6.2362	487.79037476	259.0
6.2464	487.997400059	266.0
6.2566	488.204033804	222.0
6.2669	488.412296791	273.0
6.2771	488.618145824	259.0
6.2874	488.825617912	244.0
6.2976	489.030685214	287.0
6.3078	489.235364664	229.0
6.3181	489.441657948	267.0
6.3283	489.645560108	222.0
6.3386	489.851069973	302.0
6.3488	490.054197795	250.0
6.359	490.256941434	230.0
6.3693	490.461283643	250.0
6.3795	490.663257343	277.0
6.3898	490.866823543	280.0
6.4	491.068030229	254.0
6.4102	491.268856365	247.0
6.4205	491.471265952	237.0
6.4307	491.671329431	274.0
6.441	491.872970348	274.0
6.4512	492.072274068	232.0
6.4614	492.271200836	265.0
6.4717	492.471696079	270.0
6.4819	492.669867404	285.0
6.4922	492.869601248	241.0
6.5024	493.067019999	266.0
6.5126	493.264065363	250.0
6.5229	493.462664368	268.0
6.5331	493.658961434	294.0
6.5434	493.856806241	254.0
6.5536	494.05235785	268.0
6.5638	494.247539605	276.0
6.5741	494.444260306	263.0
6.5843	494.63870084	273.0
6.5946	494.834674476	275.0
6.6048	495.028376603	272.0
6.615	495.221712373	253.0
6.6253	495.416572535	261.0
6.6355	495.609174094	250.0
6.6458	495.803294257	272.0
6.656	495.995164393	241.0
6.6662	496.186671638	273.0
6.6765	496.379688857	268.0
6.6867	496.570468835	267.0
6.697	496.762753054	241.0
6.7072	496.952808526	258.0
6.7174	497.142504539	270.0
6.7277	497.333696246	286.0
6.7379	497.522671871	277.0
6.7482	497.713137509	273.0
6.7584	497.901395481	265.0
6.7686	498.089297393	273.0
6.7789	498.278680852	248.0
6.7891	498.465869189	258.0
6.7994	498.654533446	275.0
6.8096	498.841010917	262.0
6.8198	499.027135696	262.0
6.8301	499.21472801	253.0
6.8403	499.400145962	252.0
6.8506	499.587025877	282.0
6.8608	499.771739687	283.0
6.871	499.95610414	258.0
6.8813	500.141922249	260.0
6.8915	500.32558656	279.0
6.9018	500.510699007	279.0
6.912	500.693665836	235.0
6.9222	500.876286613	260.0
6.9325	501.060347297	218.0
6.9427	501.242274553	223.0
6.953	501.425636249	275.0
6.9632	501.60687262	226.0
6.9734	501.787766211	240.0
6.9837	501.970086091	265.0
6.9939	502.150292721	245.0
7.0042	502.331920225	254.0
7.0144	502.511442503	242.0
7.0246	502.690625244	249.0
7.0349	502.871220784	250.0
7.0451	503.049723062	253.0
7.0554	503.229632774	240.0
7.0656	503.407457172	210.0
7.0758	503.584945243	228.0
7.0861	503.763832752	209.0
7.0963	503.940646796	245.0
7.1066	504.118854963	204.0
7.1168	504.294997539	216.0
7.127	504.470806969	243.0
7.1373	504.648002601	218.0
7.1475	504.823144378	240.0
7.1578	504.999667093	231.0
7.168	505.174143753	222.0
7.1782	505.348290417	230.0
7.1885	505.523810174	228.0
7.1987	505.6972955	232.0
7.209	505.872148704	210.0
7.2192	506.044975203	204.0
7.2294	506.217474828	208.0
7.2397	506.391334559	219.0
7.2499	506.563179101	193.0
7.2602	506.736378583	192.0
7.2704	506.907570529	200.0
7.2806	507.078438693	187.0
7.2909	507.250654098	212.0
7.3011	507.420873374	174.0
7.3114	507.592434775	178.0
7.3216	507.762007627	209.0
7.3318	507.931259758	185.0
7.3421	508.10184639	185.0
7.3523	508.27045577	167.0
7.3626	508.440394583	218.0
7.3728	508.608363654	215.0
7.383	508.776015037	194.0
7.3933	508.9449883	199.0
7.4035	509.112003012	182.0
7.4138	509.280334582	181.0
7.424	509.44671504	177.0
7.4342	509.612780815	157.0
7.4445	509.780155967	158.0
7.4547	509.945591092	151.0
7.465	510.112330621	158.0
7.4752	510.27713749	167.0
7.4854	510.441632653	153.0
7.4957	510.60742481	160.0
7.5059	510.771295287	161.0
7.5162	510.936457832	163.0
7.5264	511.099705995	141.0
7.5366	511.262645401	131.0
7.5469	511.426869533	121.0
7.5571	511.589190161	152.0
7.5674	511.752790636	128.0
7.5776	511.914494836	135.0
7.5878	512.075893199	133.0
7.5981	512.238564136	133.0
7.6083	512.399349573	120.0
7.6186	512.561402753	128.0
7.6288	512.721577591	130.0
7.639	512.881449485	129.0
7.6493	513.042581918	113.0
7.6595	513.201846683	133.0
7.6698	513.362367201	131.0
7.68	513.521027143	119.0
7.6902	513.679387004	104.0
7.7005	513.838995484	108.0
7.7107	513.996753959	104.0
7.721	514.155756311	97.0
7.7312	514.312915683	77.0
7.7414	514.469777814	100.0
7.7517	514.627876753	114.0
7.7619	514.784143185	100.0
7.7722	514.941641728	96.0
7.7824	515.097314723	86.0
7.7926	515.252693288	71.0
7.8029	515.409296964	78.0
7.8131	515.564085463	91.0
7.8234	515.720094422	79.0
7.8336	515.874295097	89.0
7.8438	516.028204127	85.0
7.8541	516.183326681	77.0
7.8643	516.336651227	78.0
7.8746	516.491184688	82.0
7.8848	516.643926969	78.0
7.895	516.796380362	65.0
7.9053	516.950035803	79.0
7.9155	517.10191024	75.0
7.9258	517.254982159	70.0
7.936	517.406279839	64.0
7.9462	517.557291363	70.0
7.9565	517.709493566	66.0
7.9667	517.859931609	57.0
7.977	518.011555809	51.0
7.9872	518.16142255	61.0
7.9974	518.311005842	47.0
8.0077	518.461768551	54.0
8.0179	518.610783786	39.0
8.0282	518.760973959	59.0
8.0384	518.909423295	58.0
8.0486	519.057591862	54.0
8.0589	519.206928692	55.0
8.0691	519.354534575	47.0
8.0794	519.503304284	46.0
8.0896	519.650349619	42.0
8.0998	519.797116842	37.0
8.1101	519.945041279	57.0
8.1203	520.091251139	43.0
8.1306	520.238613818	44.0
8.1408	520.384268433	35.0
8.151	520.529647565	32.0
8.1613	520.676172966	25.0
8.1715	520.821000007	33.0
8.1818	520.966968964	50.0
8.192	521.111246011	36.0
8.2022	521.25525018	32.0
8.2125	521.400389778	35.0
8.2227	521.543847078	30.0
8.233	521.688435494	23.0
8.2432	521.831348001	31.0
8.2534	521.973990212	27.0
8.2637	522.117757112	36.0
8.2739	522.259857626	33.0
8.2842	522.403078558	30.0
8.2944	522.544639432	35.0
8.3046	522.685932566	20.0
8.3149	522.828339752	17.0
8.3251	522.969096311	31.0
8.3354	523.110962692	23.0
8.3456	523.251184716	17.0
8.3558	523.391141531	27.0
8.3661	523.532201863	26.0
8.3763	523.671627179	17.0
8.3866	523.812151821	23.0
8.3968	523.951047656	13.0
8.407	524.089680793	22.0
8.4173	524.229407008	21.0
8.4275	524.367513671	23.0
8.4378	524.506709263	25.0
8.448	524.644291454	21.0
8.4582	524.781613429	20.0
8.4685	524.920018146	19.0
8.4787	525.056818629	20.0
8.489	525.19469774	18.0
8.4992	525.33097871	18.0
8.5094	525.467001926	20.0
8.5197	525.604097643	15.0
8.5299	525.739604298	11.0
8.5402	525.87617938	18.0
8.5504	526.011171436	16.0
8.5606	526.145908175	15.0
8.5709	526.281707272	18.0
8.5811	526.415932336	9.0
8.5914	526.551215723	14.0
8.6016	526.684931055	10.0
8.6118	526.818393485	17.0
8.6221	526.952908225	11.0
8.6323	527.085863819	10.0
8.6426	527.219867727	13.0
8.6528	527.352318409	14.0
8.663	527.484518583	6.0
8.6733	527.617761113	8.0
8.6835	527.749459244	6.0
8.6938	527.882195773	6.0
8.704	528.013393768	9.0
8.7142	528.144343622	11.0
8.7245	528.276325975	8.0
8.7347	528.406778535	14.0
8.745	528.538259673	9.0
8.7552	528.668216826	9.0
8.7654	528.797928187	6.0
8.7757	528.928662281	9.0
8.7859	529.057881051	8.0
8.7962	529.18811867	8.0
8.8064	529.316846719	7.0
8.8166	529.445331299	7.0
8.8269	529.574828941	8.0
8.8371	529.702825589	9.0
8.8474	529.83183145	5.0
8.8576	529.959342019	7.0
8.8678	530.086611421	5.0
8.8781	530.214884304	8.0
8.8883	530.341670389	5.0
8.8986	530.469456142	8.0
8.9088	530.595760745	8.0
8.919	530.721826463	7.0
8.9293	530.84888617	4.0
8.9395	530.974473141	2.0
8.9498	531.101050326	2.0
8.96	531.226160369	8.0
8.9702	531.351033786	6.0
8.9805	531.476891791	6.0
8.9907	531.60129099	3.0
9.001	531.726671037	10.0
9.0112	531.850597818	5.0
9.0214	531.974290211	5.0
9.0317	532.09895788	6.0
9.0419	532.222180539	2.0
9.0522	532.346374771	6.0
9.0624	532.469129481	8.0
9.0726	532.591652019	7.0
9.0829	532.71514061	4.0
9.0931	532.837197858	3.0
9.1034	532.960217489	2.0
9.1136	533.081811213	2.0
9.1238	533.203174961	7.0
9.1341	533.325495625	2.0
9.1443	533.446398483	6.0
9.1546	533.568254623	3.0
9.1648	533.688698341	2.0
9.175	533.808914259	2.0
9.1853	533.930078042	3.0
9.1955	534.049837429	1.0
9.2058	534.170541081	3.0
9.216	534.28984567	3.0
9.2262	534.408924614	1.0
9.2365	534.528942458	2.0
9.2467	534.647569187	1.0
9.257	534.767131252	5.0
9.2672	534.885307486	7.0
9.2774	535.003260208	5.0
9.2877	535.12214295	3.0
9.2979	535.239647736	2.0
9.3082	535.35807901	3.0
9.3184	535.47513756	3.0
9.3286	535.591974712	4.0
9.3389	535.709733089	4.0
9.3491	535.826126541	1.0
9.3594	535.943437719	1.0
9.3696	536.059389156	5.0
9.3798	536.17512129	2.0
9.3901	536.291765935	1.0
9.4003	536.407058564	4.0
9.4106	536.52326024	2.0
9.4208	536.638115035	4.0
9.431	536.752752601	2.0
9.4413	536.868294047	1.0
9.4515	536.982496266	1.0
9.4618	537.097598933	3.0
9.472	537.211367457	3.0
9.4822	537.324920807	2.0
9.4925	537.439369489	3.0
9.5027	537.552491609	2.0
9.513	537.666505662	2.0
9.5232	537.77919819	2.0
9.5334	537.891677578	3.0
9.5437	538.00504383	1.0
9.5539	538.117096067	2.0
9.5642	538.230031801	6.0
9.5744	538.341658509	2.0
9.5846	538.453074092	3.0
9.5949	538.565368153	2.0
9.6051	538.676360626	3.0
9.6154	538.788228239	1.0
9.6256	538.898799207	2.0
9.6358	539.009161048	3.0
9.6461	539.120393057	2.0
9.6563	539.230335788	5.0
9.6666	539.341145383	1.0
9.6768	539.450670597	2.0
9.687	539.55998866	0.0
9.6973	539.670168663	2.0
9.7075	539.779071581	5.0
9.7178	539.888833164	4.0
9.728	539.997322513	1.0
9.7382	540.105606671	5.0
9.7485	540.214744617	3.0
9.7587	540.322617556	4.0
9.769	540.431341039	4.0
9.7792	540.538804321	1.0
9.7894	540.646064353	0.0
9.7997	540.754170096	0.0
9.8099	540.861022798	2.0
9.8202	540.968717999	1.0
9.8304	541.075164918	2.0
9.8406	541.181410509	1.0
9.8509	541.288493813	2.0
9.8611	541.394335926	4.0
9.8714	541.501012571	3.0
9.8816	541.606452739	3.0
9.8918	541.711693484	2.0
9.9021	541.817764019	3.0
9.9123	541.922605101	3.0
9.9226	542.028272823	0.0
9.9328	542.132715762	1.0
9.943	542.236961164	1.0
9.9533	542.342028508	3.0
9.9635	542.445878028	2.0
9.9738	542.550546369	2.0
9.984	542.65400151	3.0
9.9942	542.757260983	4.0
10.0045	542.861334624	1.0
10.0147	542.964201959	1.0
10.025	543.06788037	0.0
10.0352	543.170357057	4.0
10.0454	543.272639925	1.0
10.0557	543.375729262	0.0
10.0659	543.477623701	1.0
10.0762	543.580321546	4.0
10.0864	543.681829031	1.0
10.0966	543.783144531	0.0
10.1069	543.885258873	2.0
10.1171	543.986189618	2.0
10.1274	544.08791617	2.0
10.1376	544.188463621	4.0
10.1478	544.288820902	5.0
10.1581	544.38996947	1.0
10.1683	544.489945635	3.0
10.1786	544.590710081	2.0
10.1888	544.690306577	1.0
10.199	544.789714702	1.0
10.2093	544.889906629	2.0
10.2195	544.988937243	2.0
10.2298	545.088748682	0.0
10.24	545.187403217	1.0
10.2502	545.285871163	2.0
10.2605	545.385115498	0.0
10.2707	545.483209503	0.0
10.281	545.582076948	2.0
10.2912	545.679798431	5.0
10.3014	545.77733509	0.0
10.3117	545.875640795	2.0
10.3219	545.972807049	0.0
10.3322	546.070739428	1.0
10.3424	546.167536684	3.0
10.3526	546.264150864	1.0
10.3629	546.361526816	2.0
10.3731	546.457774094	3.0
10.3834	546.554780251	4.0
10.3936	546.650662021	2.0
10.4038	546.746362445	3.0
10.4141	546.842817438	0.0
10.4243	546.938154431	2.0
10.4346	547.034243127	0.0
10.4448	547.129218069	1.0
10.455	547.224013381	2.0
10.4653	547.319556124	2.0
10.4755	547.413991442	2.0
10.4858	547.509171352	4.0
10.496	547.603248043	1.0
10.5062	547.697146803	3.0
10.5165	547.791785925	3.0
10.5267	547.885328095	3.0
10.537	547.979607816	4.0
10.5472	548.072794751	1.0
10.5574	548.165805437	2.0
10.5677	548.259549484	1.0
10.5779	548.352206954	1.0
10.5882	548.445594999	3.0
10.5984	548.537900593	4.0
10.6086	548.630031606	1.0
10.6189	548.722889043	0.0
10.6291	548.81467018	1.0
10.6394	548.907174982	0.0
10.6496	548.998607571	1.0
10.6598	549.08986723	0.0
10.6701	549.181846443	0.0
10.6803	549.272759534	2.0
10.6906	549.364389447	1.0
10.7008	549.454957288	1.0
10.711	549.545353834	1.0
10.7213	549.636463128	3.0
10.7315	549.726516385	1.0
10.7418	549.817279683	2.0
10.752	549.906990954	3.0
10.7622	549.99653255	2.0
10.7725	550.086780154	2.0
10.7827	550.175981707	5.0
10.793	550.265886587	2.0
10.8032	550.354749389	0.0
10.8134	550.443444121	3.0
10.8237	550.532838184	3.0
10.8339	550.621196089	1.0
10.8442	550.710250669	3.0
10.8544	550.798273028	1.0
10.8646	550.886128905	2.0
10.8749	550.974677499	0.0
10.8851	551.062199736	3.0
10.8954	551.150412058	1.0
10.9056	551.237601921	1.0
10.9158	551.324626878	0.0
10.9261	551.412338	1.0
10.9363	551.499032471	0.0
10.9466	551.586410502	1.0
10.9568	551.672775743	4.0
10.967	551.758977638	0.0
10.9773	551.845859208	2.0
10.9875	551.931733743	2.0
10.9978	552.018285372	0.0
11.008	552.10383379	0.0
11.0182	552.189220407	3.0
11.0285	552.275280271	1.0
11.0387	552.360342625	0.0
11.049	552.446075668	0.0
11.0592	552.530814989	1.0
11.0694	552.615394039	2.0
11.0797	552.700639969	0.0
11.0899	552.784897822	3.0
11.1002	552.869820022	3.0
11.1104	552.953757898	2.0
11.1206	553.037537019	1.0
11.1309	553.121976712	0.0
11.1411	553.205437674	0.0
11.1514	553.289556699	3.0
11.1616	553.37270071	1.0
11.1718	553.455687467	2.0
11.1821	553.539328549	2.0
11.1923	553.622000156	0.0
11.2026	553.705323603	0.0
11.2128	553.787681257	2.0
11.223	553.869883144	2.0
11.2333	553.952733168	2.0
11.2435	554.034622886	3.0
11.2538	554.117158278	0.0
11.264	554.198737012	2.0
11.2742	554.280161453	3.0
11.2845	554.3622279	1.0
11.2947	554.443343124	2.0
11.305	554.525097916	3.0
11.3152	554.605905097	1.0
11.3254	554.686559444	0.0
11.3357	554.767849726	4.0
11.3459	554.84819778	1.0
11.3562	554.929179354	1.0
11.3664	555.009222279	4.0
11.3766	555.089113816	0.0
11.3869	555.169635273	2.0
11.3971	555.249223414	3.0
11.4074	555.329439082	2.0
11.4176	555.40872498	0.0
11.4278	555.487860921	0.0
11.4381	555.567620824	1.0
11.4483	555.646456239	3.0
11.4586	555.725913246	5.0
11.4688	555.804449276	1.0
11.479	555.882836767	1.0
11.4893	555.961842319	2.0
11.4995	556.039932127	1.0
11.5098	556.118637648	1.0
11.52	556.196430902	1.0
11.5302	556.274077022	1.0
11.5405	556.352335358	1.0
11.5507	556.42968661	1.0
11.561	556.507647753	2.0
11.5712	556.584705256	2.0
11.5814	556.661617017	1.0
11.5917	556.739135203	2.0
11.6019	556.815754885	1.0
11.6122	556.892978689	1.0
11.6224	556.9693074	0.0
11.6326	557.045491747	2.0
11.6429	557.122276784	4.0
11.6531	557.198171814	2.0
11.6634	557.274665253	2.0
11.6736	557.350272065	0.0
11.6838	557.425735878	3.0
11.6941	557.5017947	0.0
11.7043	557.576971932	1.0
11.7146	557.652741914	0.0
11.7248	557.727633653	0.0
11.735	557.802383747	0.0
11.7453	557.877723222	2.0
11.7555	557.952189445	4.0
11.7658	558.027242812	0.0
11.776	558.101426242	3.0
11.7862	558.175469367	2.0
11.7965	558.250096299	3.0
11.8067	558.323858237	0.0
11.817	558.398201766	0.0
11.8272	558.471683587	1.0
11.8374	558.545026429	1.0
11.8477	558.618947556	3.0
11.8579	558.692011871	2.0
11.8682	558.765652276	3.0
11.8784	558.838439122	3.0
11.8886	558.911088304	1.0
11.8989	558.984310302	2.0
11.9091	559.056683592	0.0
11.9194	559.129627523	0.0
11.9296	559.201725968	1.0
11.9398	559.273688051	1.0
11.9501	559.346217532	3.0
11.9603	559.417906331	0.0
11.9706	559.490160375	4.0
11.9808	559.56157693	3.0
11.991	559.632858412	1.0
12.0013	559.704701926	2.0
12.0115	559.775712709	2.0
12.0218	559.84728339	2.0
12.032	559.918024504	2.0
12.0422	559.988631822	3.0
12.0525	560.059795856	2.0
12.0627	560.130135036	0.0
12.073	560.201028818	0.0
12.0832	560.271100878	0.0
12.0934	560.341040408	2.0
12.1037	560.41153139	0.0
12.1139	560.481205318	1.0
12.1242	560.551428603	2.0
[END DATA]
