TL-DOS Lehrstuhlversuch
detector=R1408301
job_number=2015-11-03-015
irradiation_dose [mSv]=0.09

[BEGIN DATA]
time [sec] 	 temperature [K] 	 photoncount 
0.0	198.725029469	0.0
0.0102	199.831411238	0.0
0.0205	200.945251104	1.0
0.0307	202.044931272	1.0
0.041	203.152024361	1.0
0.0512	204.24504352	2.0
0.0614	205.334763469	1.0
0.0717	206.431829198	0.0
0.0819	207.514948469	0.0
0.0922	208.605369025	1.0
0.1024	209.681927601	3.0
0.1126	210.755236652	1.0
0.1229	211.835780857	3.0
0.1331	212.902588635	1.0
0.1434	213.976587743	3.0
0.1536	215.036933627	2.0
0.1638	216.094078924	0.0
0.1741	217.158350415	1.0
0.1843	218.209092346	0.0
0.1946	219.266917308	0.0
0.2048	220.31129466	2.0
0.215	221.352519625	1.0
0.2253	222.400763465	0.0
0.2355	223.435681497	1.0
0.2458	224.477575891	2.0
0.256	225.506225193	0.0
0.2662	226.531769581	1.0
0.2765	227.564227143	0.0
0.2867	228.58355958	0.0
0.297	229.609763316	1.0
0.3072	230.622921428	6.0
0.3174	231.633021386	0.0
0.3277	232.649930406	0.0
0.3379	233.653911963	0.0
0.3482	234.664661338	0.0
0.3584	235.662561554	0.0
0.3686	236.657449669	0.0
0.3789	237.659044306	0.0
0.3891	238.647906162	0.0
0.3994	239.643433916	1.0
0.4096	240.626306015	0.0
0.4198	241.606211375	0.0
0.4301	242.592722257	0.0
0.4403	243.566692112	0.0
0.4506	244.547227478	0.0
0.4608	245.515297779	1.0
0.471	246.480446021	0.0
0.4813	247.452100307	0.0
0.4915	248.41140243	0.0
0.5018	249.377171189	0.0
0.512	250.330662605	0.0
0.5222	251.281275965	0.0
0.5325	252.238297392	0.0
0.5427	253.183152675	0.0
0.553	254.134377209	0.0
0.5632	255.073509293	0.0
0.5734	256.009806664	0.0
0.5837	256.952415598	1.0
0.5939	257.883041607	0.0
0.6042	258.819940948	0.0
0.6144	259.744929948	0.0
0.6246	260.667126925	0.0
0.6349	261.595540414	1.0
0.6451	262.512151439	0.0
0.6554	263.43494132	0.0
0.6656	264.346000227	0.0
0.6758	265.254309159	0.0
0.6861	266.168740983	0.0
0.6963	267.071548085	0.0
0.7066	267.980440991	0.0
0.7168	268.877779589	0.0
0.727	269.772409626	0.0
0.7373	270.673070345	1.0
0.7475	271.562281408	0.0
0.7578	272.457486624	0.0
0.768	273.341311537	0.0
0.7782	274.222468679	1.0
0.7885	275.109565683	0.0
0.7987	275.985385459	0.0
0.809	276.867109119	0.0
0.8192	277.737623859	0.0
0.8294	278.605511004	0.0
0.8397	279.479248559	0.0
0.8499	280.341878718	0.0
0.8602	281.210323849	0.0
0.8704	282.067728865	0.0
0.8806	282.922545856	0.0
0.8909	283.783125151	0.0
0.9011	284.632764325	0.0
0.9114	285.4881309	0.0
0.9216	286.332623619	0.0
0.9318	287.17456729	0.0
0.9421	288.022186486	1.0
0.9523	288.859030316	1.0
0.9626	289.701515293	0.0
0.9728	290.533290173	0.0
0.983	291.362554391	0.0
0.9933	292.197408664	1.0
1.0035	293.021649844	1.0
1.0138	293.851447217	0.0
1.024	294.670695784	0.0
1.0342	295.4874715	0.0
1.0445	296.309753085	0.0
1.0547	297.121581408	0.0
1.065	297.93888225	0.0
1.0752	298.745793147	0.0
1.0854	299.550268434	0.0
1.0957	300.360166673	0.0
1.1059	301.159769073	0.0
1.1162	301.964761578	0.0
1.1264	302.759520608	1.0
1.1366	303.551880707	1.0
1.1469	304.34958209	0.0
1.1571	305.137142687	0.0
1.1674	305.930012214	0.0
1.1776	306.712802381	0.0
1.1878	307.493229743	1.0
1.1981	308.278917952	0.0
1.2083	309.054618092	0.0
1.2186	309.835547211	0.0
1.2288	310.606548762	0.0
1.239	311.375223092	0.0
1.2493	312.149079041	0.0
1.2595	312.91309734	0.0
1.2698	313.68226587	0.0
1.28	314.441656339	0.0
1.2902	315.198754635	0.0
1.3005	315.960956515	0.0
1.3107	316.713468897	0.0
1.321	317.47105395	0.0
1.3312	318.219008197	0.0
1.3414	318.96470479	1.0
1.3517	319.715428109	0.0
1.3619	320.456607851	0.0
1.3722	321.202783871	2.0
1.3824	321.939474122	0.0
1.3926	322.673940719	1.0
1.4029	323.413358341	0.0
1.4131	324.14337611	0.0
1.4234	324.878314914	0.0
1.4336	325.603910802	1.0
1.4438	326.327316524	0.0
1.4541	327.055598709	0.0
1.4643	327.774622601	0.0
1.4746	328.498493418	0.0
1.4848	329.213162022	0.0
1.495	329.925673442	0.0
1.5053	330.642987888	1.0
1.5155	331.351183468	0.0
1.5258	332.06415298	0.0
1.536	332.76805886	0.0
1.5462	333.469840045	0.0
1.5565	334.176351922	0.0
1.5667	334.873882262	1.0
1.577	335.576114639	3.0
1.5872	336.269419881	1.0
1.5974	336.960632424	0.0
1.6077	337.656504417	0.0
1.6179	338.343530131	0.0
1.6282	339.035187072	1.0
1.6384	339.718051318	2.0
1.6486	340.398854381	0.0
1.6589	341.084246723	0.0
1.6691	341.760926009	0.0
1.6794	342.442166777	0.0
1.6896	343.114747266	0.0
1.6998	343.785297612	0.0
1.7101	344.460368125	0.0
1.7203	345.126856798	0.0
1.7306	345.797838258	0.0
1.7408	346.46028986	0.0
1.751	347.120741893	0.0
1.7613	347.78564602	1.0
1.7715	348.442097547	0.0
1.7818	349.102974202	0.0
1.792	349.755449456	0.0
1.8022	350.405955253	0.0
1.8125	351.060846098	0.0
1.8227	351.707411637	0.0
1.833	352.358335661	0.0
1.8432	353.000984808	0.0
1.8534	353.641694158	1.0
1.8637	354.286722517	1.0
1.8739	354.923550948	0.0
1.8842	355.564672227	2.0
1.8944	356.197643245	0.0
1.9046	356.82870368	0.0
1.9149	357.46401808	1.0
1.9251	358.091256041	2.0
1.9354	358.7227222	0.0
1.9456	359.346160841	2.0
1.9558	359.96771767	1.0
1.9661	360.593464402	0.0
1.9763	361.211256322	0.0
1.9866	361.833212766	1.0
1.9968	362.447262583	2.0
2.007	363.059458929	0.0
2.0173	363.675782078	1.0
2.0275	364.284270214	3.0
2.0378	364.896860156	2.0
2.048	365.501662543	1.0
2.0582	366.104639372	1.0
2.0685	366.711680855	2.0
2.0787	367.311005318	0.0
2.089	367.914369816	1.0
2.0992	368.510064037	3.0
2.1094	369.103960192	3.0
2.1197	369.701859789	2.0
2.1299	370.292158582	3.0
2.1402	370.886436568	1.0
2.1504	371.473159789	1.0
2.1606	372.058112023	3.0
2.1709	372.647007408	2.0
2.1811	373.228416456	2.0
2.1914	373.81374477	2.0
2.2016	374.391632093	4.0
2.2118	374.967775099	2.0
2.2221	375.547801874	2.0
2.2323	376.120455053	1.0
2.2426	376.696968475	5.0
2.2528	377.266152966	4.0
2.263	377.833619409	0.0
2.2733	378.404911132	5.0
2.2835	378.968940303	2.0
2.2938	379.536771584	4.0
2.304	380.097384305	4.0
2.3142	380.656304852	5.0
2.3245	381.21899307	8.0
2.3347	381.77452811	4.0
2.345	382.333808	6.0
2.3552	382.885978039	2.0
2.3654	383.436481388	5.0
2.3757	383.990695669	4.0
2.3859	384.537864496	5.0
2.3962	385.088721777	7.0
2.4064	385.63257628	2.0
2.4166	386.174789192	10.0
2.4269	386.72065715	3.0
2.4371	387.259585757	5.0
2.4474	387.802147272	7.0
2.4576	388.337811468	7.0
2.4678	388.871858795	13.0
2.4781	389.409506124	6.0
2.4883	389.940318607	5.0
2.4986	390.474709287	4.0
2.5088	391.00230652	1.0
2.519	391.528311234	5.0
2.5293	392.057861735	10.0
2.5395	392.58068032	14.0
2.5498	393.107023216	9.0
2.56	393.626674972	11.0
2.5702	394.144758192	11.0
2.5805	394.666333801	9.0
2.5907	395.181278875	14.0
2.601	395.699695184	8.0
2.6112	396.211521121	13.0
2.6214	396.721802143	9.0
2.6317	397.235522959	14.0
2.6419	397.742713095	9.0
2.6522	398.253322189	17.0
2.6624	398.757440161	18.0
2.6726	399.260036484	12.0
2.6829	399.766020799	17.0
2.6931	400.265572783	13.0
2.7034	400.768492238	17.0
2.7136	401.265018325	14.0
2.7238	401.760045679	13.0
2.7341	402.258410002	10.0
2.7443	402.750438864	14.0
2.7546	403.245784483	12.0
2.7648	403.734833017	19.0
2.775	404.222405387	16.0
2.7853	404.713264474	26.0
2.7955	405.19788351	17.0
2.8058	405.685769353	19.0
2.816	406.167452944	17.0
2.8262	406.647682602	18.0
2.8365	407.131149478	12.0
2.8467	407.608470278	11.0
2.857	408.089008688	14.0
2.8672	408.563438249	13.0
2.8774	409.036435774	12.0
2.8877	409.512621766	12.0
2.8979	409.982754239	12.0
2.9082	410.456055866	11.0
2.9184	410.923340642	14.0
2.9286	411.389214948	12.0
2.9389	411.858229703	13.0
2.9491	412.321282104	15.0
2.9594	412.787455932	8.0
2.9696	413.247703521	8.0
2.9798	413.706561881	10.0
2.9901	414.168513396	8.0
3.0003	414.624592349	13.0
3.0106	415.083745721	7.0
3.0208	415.537062101	9.0
3.031	415.989010174	12.0
3.0413	416.44400482	8.0
3.0515	416.893215343	17.0
3.0618	417.345453985	10.0
3.072	417.791943539	8.0
3.0822	418.237085392	7.0
3.0925	418.685227938	6.0
3.1027	419.127673467	7.0
3.113	419.573101513	11.0
3.1232	420.012867051	10.0
3.1334	420.451305184	7.0
3.1437	420.89269882	12.0
3.1539	421.328481235	7.0
3.1642	421.767201251	9.0
3.1744	422.200344035	7.0
3.1846	422.632179404	7.0
3.1949	423.066925767	6.0
3.2051	423.496145413	2.0
3.2154	423.92825842	6.0
3.2256	424.354878186	5.0
3.2358	424.780210228	11.0
3.2461	425.208409424	7.0
3.2563	425.631165134	8.0
3.2666	426.056770631	5.0
3.2768	426.476965616	13.0
3.287	426.895892268	8.0
3.2973	427.317642895	4.0
3.3075	427.734032015	8.0
3.3178	428.153228005	13.0
3.328	428.567094963	13.0
3.3382	428.979712688	5.0
3.3485	429.395111862	15.0
3.3587	429.80523027	9.0
3.369	430.218113278	8.0
3.3792	430.625747507	10.0
3.3894	431.032151317	6.0
3.3997	431.441294688	7.0
3.4099	431.84523682	8.0
3.4202	432.251901917	14.0
3.4304	432.653397281	17.0
3.4406	433.053680757	12.0
3.4509	433.456662535	12.0
3.4611	433.854521404	13.0
3.4714	434.255062231	14.0
3.4816	434.65051118	10.0
3.4918	435.04476649	10.0
3.5021	435.441679468	13.0
3.5123	435.833546686	16.0
3.5226	436.228055473	17.0
3.5328	436.617549064	9.0
3.543	437.005866992	16.0
3.5533	437.396802564	14.0
3.5635	437.782768364	13.0
3.5738	438.171335952	14.0
3.584	438.554963871	10.0
3.5942	438.937433833	12.0
3.6045	439.322482017	15.0
3.6147	439.702635273	12.0
3.625	440.085351134	12.0
3.6352	440.463201717	21.0
3.6454	440.839911781	9.0
3.6557	441.21916124	15.0
3.6659	441.593589487	9.0
3.6762	441.970541748	11.0
3.6864	442.342701999	11.0
3.6966	442.713738908	9.0
3.7069	443.087276969	17.0
3.7171	443.456066425	19.0
3.7274	443.827341882	15.0
3.7376	444.193897498	15.0
3.7478	444.559346688	14.0
3.7581	444.927259363	10.0
3.7683	445.290494946	15.0
3.7786	445.656179092	21.0
3.7888	446.017214475	9.0
3.799	446.377160096	13.0
3.8093	446.739532102	11.0
3.8195	447.097297452	12.0
3.8298	447.45747449	11.0
3.84	447.813072775	24.0
3.8502	448.167597708	13.0
3.8605	448.524512487	11.0
3.8707	448.876889984	11.0
3.881	449.23164285	16.0
3.8912	449.581885918	14.0
3.9014	449.931071798	16.0
3.9117	450.282611534	9.0
3.9219	450.629682317	8.0
3.9322	450.979092698	12.0
3.9424	451.324061196	19.0
3.9526	451.667988428	11.0
3.9629	452.014234067	11.0
3.9731	452.356078055	16.0
3.9834	452.700226407	17.0
3.9936	453.03999977	13.0
4.0038	453.378747548	14.0
4.0141	453.719778817	14.0
4.0243	454.056474724	12.0
4.0346	454.395440292	18.0
4.0448	454.730096756	18.0
4.055	455.063743081	13.0
4.0653	455.399638509	12.0
4.0755	455.731263863	12.0
4.0858	456.065124698	8.0
4.096	456.394741323	5.0
4.1062	456.723363022	8.0
4.1165	457.054199952	14.0
4.1267	457.380831115	21.0
4.137	457.709664093	7.0
4.1472	458.034316778	7.0
4.1574	458.357989519	14.0
4.1677	458.683844132	9.0
4.1779	459.005556315	15.0
4.1882	459.329437153	10.0
4.1984	459.649200654	11.0
4.2086	459.967998968	15.0
4.2189	460.288946296	14.0
4.2291	460.605813577	12.0
4.2394	460.924816855	8.0
4.2496	461.239764801	7.0
4.2598	461.553762095	13.0
4.2701	461.86987604	19.0
4.2803	462.181971383	14.0
4.2906	462.496170554	12.0
4.3008	462.806375466	12.0
4.311	463.115644044	11.0
4.3213	463.426997395	12.0
4.3315	463.734392663	10.0
4.3418	464.043860077	16.0
4.352	464.349393384	8.0
4.3622	464.654004458	15.0
4.3725	464.960668908	14.0
4.3827	465.263434885	12.0
4.393	465.5682418	7.0
4.4032	465.869173855	12.0
4.4134	466.169197566	12.0
4.4237	466.47124373	10.0
4.4339	466.769450129	16.0
4.4442	467.069666732	14.0
4.4544	467.366066829	14.0
4.4646	467.661572261	12.0
4.4749	467.959069688	19.0
4.4851	468.252785177	11.0
4.4954	468.548480597	14.0
4.5056	468.840416985	12.0
4.5158	469.131472182	13.0
4.5261	469.424489376	15.0
4.5363	469.713781587	7.0
4.5466	470.00502391	12.0
4.5568	470.292563813	11.0
4.567	470.579235795	8.0
4.5773	470.867840227	9.0
4.5875	471.152775772	10.0
4.5978	471.439632062	13.0
4.608	471.722841689	10.0
4.6182	472.005196466	4.0
4.6285	472.28945459	8.0
4.6387	472.57009908	13.0
4.649	472.852635389	15.0
4.6592	473.131579953	6.0
4.6694	473.409682541	11.0
4.6797	473.689659812	9.0
4.6899	473.966077869	8.0
4.7002	474.244359256	14.0
4.7104	474.519102987	14.0
4.7206	474.793017422	9.0
4.7309	475.068778309	9.0
4.7411	475.341033582	18.0
4.7514	475.615124124	13.0
4.7616	475.885730286	8.0
4.7718	476.155519641	12.0
4.7821	476.427127641	12.0
4.7923	476.695282821	18.0
4.8026	476.96524563	10.0
4.8128	477.231776535	10.0
4.823	477.497502933	8.0
4.8333	477.765020587	7.0
4.8435	478.02913742	13.0
4.8538	478.29503466	14.0
4.864	478.557551679	9.0
4.8742	478.819276306	10.0
4.8845	479.082765214	12.0
4.8947	479.342904517	13.0
4.905	479.604797414	11.0
4.9152	479.863360995	16.0
4.9254	480.121144118	15.0
4.9357	480.380664951	13.0
4.9459	480.636886624	11.0
4.9562	480.894835482	10.0
4.9664	481.149505163	10.0
4.9766	481.40340614	11.0
4.9869	481.659018657	11.0
4.9971	481.911381699	9.0
5.0074	482.165445914	7.0
5.0176	482.416280337	11.0
5.0278	482.666357631	11.0
5.0381	482.91812069	15.0
5.0483	483.16668321	10.0
5.0586	483.416921285	5.0
5.0688	483.663978206	11.0
5.079	483.910289402	9.0
5.0893	484.158260975	10.0
5.0995	484.403080209	7.0
5.1098	484.649549763	13.0
5.12	484.892886072	10.0
5.1302	485.135487885	13.0
5.1405	485.379725072	9.0
5.1507	485.620857391	9.0
5.161	485.863615179	7.0
5.1712	486.103286906	10.0
5.1814	486.342235199	5.0
5.1917	486.582794237	8.0
5.2019	486.820295167	10.0
5.2122	487.059397086	8.0
5.2224	487.295459419	4.0
5.2326	487.530809213	15.0
5.2429	487.767745495	5.0
5.2531	488.001669723	11.0
5.2634	488.237170829	13.0
5.2736	488.469678126	13.0
5.2838	488.701483613	11.0
5.2941	488.934851697	10.0
5.3043	489.165253087	11.0
5.3146	489.397207608	4.0
5.3248	489.626213405	9.0
5.335	489.854527962	12.0
5.3453	490.084381583	8.0
5.3555	490.311313189	14.0
5.3658	490.539774535	12.0
5.376	490.765331565	7.0
5.3862	490.990207764	9.0
5.3965	491.21659985	13.0
5.4067	491.440113924	12.0
5.417	491.665134703	12.0
5.4272	491.887294902	12.0
5.4374	492.108784525	19.0
5.4477	492.331767205	10.0
5.4579	492.551915216	15.0
5.4682	492.77354724	13.0
5.4784	492.992361765	7.0
5.4886	493.210515812	9.0
5.4989	493.430140431	12.0
5.5091	493.64697307	7.0
5.5194	493.865267374	9.0
5.5296	494.080786609	8.0
5.5398	494.295655313	9.0
5.5501	494.511972443	9.0
5.5603	494.725539639	9.0
5.5706	494.940546488	13.0
5.5808	495.15282006	10.0
5.591	495.364452897	7.0
5.6013	495.577512347	7.0
5.6115	495.787863277	11.0
5.6218	495.999632179	12.0
5.632	496.208708966	16.0
5.6422	496.417154668	11.0
5.6525	496.627005499	15.0
5.6627	496.834188598	5.0
5.673	497.042768315	8.0
5.6832	497.248696461	6.0
5.6934	497.454003025	8.0
5.7037	497.660693557	6.0
5.7139	497.864756534	5.0
5.7242	498.070195094	8.0
5.7344	498.273022016	8.0
5.7446	498.475236717	5.0
5.7549	498.678814543	8.0
5.7651	498.879804385	9.0
5.7754	499.082149094	11.0
5.7856	499.281921495	7.0
5.7958	499.481090896	7.0
5.8061	499.681602893	7.0
5.8163	499.87956588	8.0
5.8266	500.078863331	8.0
5.8368	500.275627212	14.0
5.847	500.471797173	7.0
5.8573	500.669289512	8.0
5.8675	500.864271228	9.0
5.8778	501.060567312	7.0
5.888	501.25436798	5.0
5.8982	501.447583673	7.0
5.9085	501.642101829	10.0
5.9187	501.834147171	13.0
5.929	502.027487087	13.0
5.9392	502.218369167	5.0
5.9494	502.408675082	6.0
5.9597	502.600263845	9.0
5.9699	502.789417035	8.0
5.9802	502.979845302	6.0
5.9904	503.167852748	11.0
6.0006	503.355292706	5.0
6.0109	503.543996192	13.0
6.0211	503.730300784	13.0
6.0314	503.917861252	7.0
6.0416	504.103037355	3.0
6.0518	504.287654515	5.0
6.0621	504.473516177	5.0
6.0723	504.65701507	7.0
6.0826	504.841750926	8.0
6.0928	505.024138325	7.0
6.103	505.2059752	7.0
6.1133	505.389037833	8.0
6.1235	505.569773281	4.0
6.1338	505.751727062	7.0
6.144	505.931367755	4.0
6.1542	506.110466214	6.0
6.1645	506.290771971	6.0
6.1747	506.468785591	4.0
6.185	506.647999196	3.0
6.1952	506.824934547	5.0
6.2054	507.001335829	7.0
6.2157	507.17892623	4.0
6.2259	507.35425901	10.0
6.2362	507.530773705	6.0
6.2464	507.705044456	3.0
6.2566	507.878789181	5.0
6.2669	508.053705116	7.0
6.2771	508.226397431	5.0
6.2874	508.400253861	3.0
6.2976	508.57190014	7.0
6.3078	508.743028315	7.0
6.3181	508.915310061	5.0
6.3283	509.085401675	5.0
6.3386	509.256639872	3.0
6.3488	509.425701203	4.0
6.359	509.594252232	7.0
6.3693	509.763939461	1.0
6.3795	509.931469539	4.0
6.3898	510.100128934	2.0
6.4	510.266644245	4.0
6.4102	510.43265694	3.0
6.4205	510.599788723	10.0
6.4307	510.764795842	8.0
6.441	510.930915271	2.0
6.4512	511.094922905	7.0
6.4614	511.258435492	3.0
6.4717	511.423050314	6.0
6.4819	511.585572469	4.0
6.4922	511.749190182	9.0
6.5024	511.910727904	2.0
6.5126	512.071778034	4.0
6.5229	512.2339138	0.0
6.5331	512.393988413	3.0
6.5434	512.555142087	0.0
6.5536	512.714247093	4.0
6.5638	512.87287185	5.0
6.5741	513.032565893	4.0
6.5843	513.190229825	8.0
6.5946	513.348956566	2.0
6.6048	513.505665492	5.0
6.615	513.661901402	9.0
6.6253	513.819190495	4.0
6.6355	513.974480049	3.0
6.6458	514.130816407	0.0
6.656	514.285165337	1.0
6.6662	514.439048375	0.0
6.6765	514.593968735	3.0
6.6867	514.746919669	0.0
6.697	514.900901642	1.0
6.7072	515.052926118	2.0
6.7174	515.204491717	1.0
6.7277	515.357079018	2.0
6.7379	515.50772655	4.0
6.7482	515.659389595	4.0
6.7584	515.809124622	2.0
6.7686	515.958407683	0.0
6.7789	516.108697058	1.0
6.7891	516.257075878	1.0
6.7994	516.406454917	4.0
6.8096	516.553934974	2.0
6.8198	516.700969871	1.0
6.8301	516.848995927	1.0
6.8403	516.995140201	1.0
6.8506	517.142269631	2.0
6.8608	517.287528676	1.0
6.871	517.432349266	1.0
6.8813	517.578146089	3.0
6.8915	517.722089468	0.0
6.9018	517.867003167	2.0
6.912	518.010074649	1.0
6.9222	518.152714279	1.0
6.9325	518.296315439	2.0
6.9427	518.438091069	3.0
6.953	518.580822405	0.0
6.9632	518.721739268	0.0
6.9734	518.862230782	0.0
6.9837	519.003669347	2.0
6.9939	519.143309872	2.0
7.0042	519.283891712	0.0
7.0144	519.422686404	3.0
7.0246	519.561062152	1.0
7.0349	519.700370689	2.0
7.0451	519.837908265	3.0
7.0554	519.976372978	0.0
7.0656	520.113077458	0.0
7.0758	520.249369304	2.0
7.0861	520.386579891	1.0
7.0963	520.522046187	2.0
7.1066	520.658425658	1.0
7.1168	520.793071404	0.0
7.127	520.92731073	3.0
7.1373	521.062454961	1.0
7.1475	521.19588117	0.0
7.1578	521.330206802	4.0
7.168	521.462824818	0.0
7.1782	521.595042535	2.0
7.1885	521.72815153	1.0
7.1987	521.859568374	1.0
7.209	521.991871097	0.0
7.2192	522.122491921	2.0
7.2294	522.252718474	0.0
7.2397	522.383822881	1.0
7.2499	522.513260623	0.0
7.2602	522.643570901	1.0
7.2704	522.77222461	1.0
7.2806	522.900489984	1.0
7.2909	523.029619994	2.0
7.3011	523.157108437	1.0
7.3114	523.285456276	0.0
7.3216	523.412172493	0.0
7.3318	523.538506225	1.0
7.3421	523.66569157	2.0
7.3523	523.79126007	0.0
7.3626	523.917675025	1.0
7.3728	524.042482929	1.0
7.383	524.166914108	1.0
7.3933	524.292184075	1.0
7.4035	524.415861546	0.0
7.4138	524.540372725	0.0
7.424	524.663301054	0.0
7.4342	524.785858332	0.0
7.4445	524.909241766	0.0
7.4547	525.031056687	2.0
7.465	525.153692759	0.0
7.4752	525.27476982	0.0
7.4854	525.395481417	0.0
7.4957	525.517006729	0.0
7.5059	525.636987149	0.0
7.5162	525.757776354	0.0
7.5264	525.877030026	0.0
7.5366	525.995923738	0.0
7.5469	526.11561891	0.0
7.5571	526.233792457	0.0
7.5674	526.352762608	0.0
7.5776	526.470220351	0.0
7.5878	526.587323555	0.0
7.5981	526.705216149	0.0
7.6083	526.821610032	0.0
7.6186	526.938788524	0.0
7.6288	527.054477384	1.0
7.639	527.169817044	0.0
7.6493	527.285934207	0.0
7.6595	527.400575228	0.0
7.6698	527.515989043	1.0
7.68	527.629935659	0.0
7.6902	527.743538334	0.0
7.7005	527.857906802	0.0
7.7107	527.97082136	0.0
7.721	528.084497073	0.0
7.7312	528.196727682	0.0
7.7414	528.308619531	0.0
7.7517	528.42126564	1.0
7.7619	528.532479734	0.0
7.7722	528.64444352	0.0
7.7824	528.754983966	0.0
7.7926	528.865190752	1.0
7.8029	528.97614044	0.0
7.8131	529.085679679	2.0
7.8234	529.19595732	1.0
7.8336	529.304833055	0.0
7.8438	529.413380156	1.0
7.8541	529.522658971	0.0
7.8643	529.630548578	0.0
7.8746	529.739165466	0.0
7.8848	529.846401561	0.0
7.895	529.953313971	0.0
7.9053	530.060947075	0.0
7.9155	530.167211893	0.0
7.9258	530.274193039	1.0
7.936	530.379814187	1.0
7.9462	530.485116524	1.0
7.9565	530.591128701	0.0
7.9667	530.695793198	0.0
7.977	530.801163237	2.0
7.9872	530.905193757	0.0
7.9974	531.008910268	1.0
8.0077	531.113325931	1.0
8.0179	531.216414208	0.0
8.0282	531.320197401	0.0
8.0384	531.422661249	0.0
8.0486	531.524815816	0.0
8.0589	531.627659006	1.0
8.0691	531.7291948	0.0
8.0794	531.831415045	1.0
8.0896	531.932335815	0.0
8.0998	532.032951961	1.0
8.1101	532.134246359	0.0
8.1203	532.234253051	0.0
8.1306	532.334933886	1.0
8.1408	532.434334815	1.0
8.151	532.533435709	0.0
8.1613	532.633204639	1.0
8.1715	532.731705256	0.0
8.1818	532.830869864	1.0
8.192	532.928773841	3.0
8.2022	533.026382301	0.0
8.2125	533.124648738	1.0
8.2227	533.221665962	1.0
8.233	533.319337176	0.0
8.2432	533.415766745	0.0
8.2534	533.511905247	0.0
8.2637	533.608691817	0.0
8.2739	533.704247986	1.0
8.2842	533.800448298	1.0
8.2944	533.895425663	0.0
8.3046	533.990116344	0.0
8.3149	534.085445333	0.0
8.3251	534.179562452	2.0
8.3354	534.274314012	0.0
8.3456	534.367861042	1.0
8.3558	534.461125706	0.0
8.3661	534.555019066	1.0
8.3763	534.647718805	0.0
8.3866	534.741043432	2.0
8.3968	534.833181668	1.0
8.407	534.925041791	1.0
8.4173	535.017521141	0.0
8.4275	535.108824847	0.0
8.4378	535.200744029	2.0
8.448	535.291494687	0.0
8.4582	535.38197142	1.0
8.4685	535.473058056	2.0
8.4787	535.562986751	0.0
8.489	535.653521654	0.0
8.4992	535.742905632	2.0
8.5094	535.832019809	0.0
8.5197	535.921734703	0.0
8.5299	536.010309096	2.0
8.5402	536.099480567	0.0
8.5504	536.187518445	2.0
8.5606	536.275290586	0.0
8.5709	536.363654397	1.0
8.5811	536.450894883	0.0
8.5914	536.538723455	0.0
8.6016	536.625435506	0.0
8.6118	536.711885821	0.0
8.6221	536.798918897	0.0
8.6323	536.884845563	0.0
8.6426	536.97135146	2.0
8.6528	537.05675765	0.0
8.663	537.141906046	2.0
8.6733	537.227628426	0.0
8.6835	537.312261059	0.0
8.6938	537.3974642	0.0
8.704	537.481584195	0.0
8.7142	537.565450278	0.0
8.7245	537.649881702	0.0
8.7347	537.73323979	0.0
8.745	537.817159793	0.0
8.7552	537.900012963	1.0
8.7654	537.982616045	0.0
8.7757	538.065775953	2.0
8.7859	538.14787869	0.0
8.7962	538.23053488	0.0
8.8064	538.312140303	1.0
8.8166	538.393499405	1.0
8.8269	538.475406946	1.0
8.8371	538.556273237	0.0
8.8474	538.637684647	1.0
8.8576	538.718061113	0.0
8.8678	538.798194968	1.0
8.8781	538.878869003	0.0
8.8883	538.958517469	0.0
8.8986	539.038702844	0.0
8.9088	539.117868862	0.0
8.919	539.196795921	0.0
8.9293	539.276255027	0.0
8.9395	539.354704008	0.0
8.9498	539.433681812	0.0
8.96	539.51165561	1.0
8.9702	539.589394049	0.0
8.9805	539.667656521	1.0
8.9907	539.744924081	1.0
9.001	539.822712499	1.0
9.0112	539.899512032	1.0
9.0214	539.976079751	0.0
9.0317	540.05316361	0.0
9.0419	540.129267541	0.0
9.0522	540.205884487	0.0
9.0624	540.281527439	0.0
9.0726	540.356942067	0.0
9.0829	540.432865064	0.0
9.0931	540.507822889	0.0
9.1034	540.583286003	2.0
9.1136	540.657789792	0.0
9.1238	540.732068696	0.0
9.1341	540.806848313	1.0
9.1443	540.880677293	1.0
9.1546	540.955003952	2.0
9.1648	541.028385733	1.0
9.175	541.101546016	0.0
9.1853	541.175199471	0.0
9.1955	541.247916606	0.0
9.2058	541.321123925	0.0
9.216	541.393400596	1.0
9.2262	541.465459104	0.0
9.2365	541.538003358	0.0
9.2467	541.609625391	0.0
9.257	541.681730228	1.0
9.2672	541.752918431	1.0
9.2774	541.823891756	0.0
9.2877	541.895343512	0.0
9.2979	541.965886937	0.0
9.3082	542.036905893	1.0
9.3184	542.10702202	0.0
9.3286	542.176926506	1.0
9.3389	542.247302217	0.0
9.3491	542.316783276	1.0
9.3594	542.386732706	2.0
9.3696	542.455792902	0.0
9.3798	542.524644645	1.0
9.3901	542.593960516	0.0
9.4003	542.662395208	1.0
9.4106	542.731291218	0.0
9.4208	542.799311386	3.0
9.431	542.867126239	0.0
9.4413	542.935398231	0.0
9.4515	543.002802315	1.0
9.4618	543.070660768	2.0
9.472	543.137656571	0.0
9.4822	543.20445015	2.0
9.4925	543.271693984	1.0
9.5027	543.33808298	1.0
9.513	543.404919502	1.0
9.5232	543.470906365	0.0
9.5334	543.536694051	0.0
9.5437	543.60292521	1.0
9.5539	543.668314405	1.0
9.5642	543.734144387	0.0
9.5744	543.799137505	0.0
9.5846	543.863934445	0.0
9.5949	543.92916818	0.0
9.6051	543.993572631	0.0
9.6154	544.058411231	0.0
9.6256	544.12242557	1.0
9.6358	544.186246685	1.0
9.6461	544.250498017	1.0
9.6563	544.313932553	1.0
9.6666	544.377794701	0.0
9.6768	544.440845	0.0
9.687	544.503704986	0.0
9.6973	544.56698871	1.0
9.7075	544.629467939	1.0
9.7178	544.692368339	2.0
9.728	544.754469117	1.0
9.7382	544.816382448	0.0
9.7485	544.878713136	0.0
9.7587	544.940251444	0.0
9.769	545.00220458	0.0
9.7792	545.063370137	0.0
9.7894	545.12435107	0.0
9.7997	545.185743073	1.0
9.8099	545.24635463	0.0
9.8202	545.307374769	1.0
9.8304	545.367619188	0.0
9.8406	545.427681764	2.0
9.8509	545.48814922	1.0
9.8611	545.547847983	0.0
9.8714	545.607949174	1.0
9.8816	545.667286328	2.0
9.8918	545.726444377	1.0
9.9021	545.786001209	1.0
9.9123	545.844800924	2.0
9.9226	545.903997007	0.0
9.9328	545.962440559	1.0
9.943	546.020707703	1.0
9.9533	546.079367624	1.0
9.9635	546.137281831	0.0
9.9738	546.195586437	0.0
9.984	546.253149844	1.0
9.9942	546.3105395	1.0
10.0045	546.368316019	0.0
10.0147	546.425358053	0.0
10.025	546.482784606	0.0
10.0352	546.539481123	1.0
10.0454	546.596006506	0.0
10.0557	546.652912925	1.0
10.0659	546.709095921	0.0
10.0762	546.765657646	1.0
10.0864	546.821500328	0.0
10.0966	546.877174454	1.0
10.1069	546.933223877	1.0
10.1171	546.988560772	0.0
10.1274	547.044270691	0.0
10.1376	547.099272398	1.0
10.1478	547.154108085	1.0
10.1581	547.209313419	0.0
10.1683	547.263816954	0.0
10.1786	547.318687897	3.0
10.1888	547.372861292	1.0
10.199	547.426871169	2.0
10.2093	547.481245124	0.0
10.2195	547.534927851	0.0
10.2298	547.588972451	0.0
10.24	547.642330009	0.0
10.2502	547.695526511	1.0
10.2605	547.749081609	0.0
10.2707	547.801955888	0.0
10.281	547.855186591	1.0
10.2912	547.907740598	2.0
10.3014	547.960135974	0.0
10.3117	548.012884547	0.0
10.3219	548.064962552	0.0
10.3322	548.117391615	1.0
10.3424	548.169154173	2.0
10.3526	548.220760488	1.0
10.3629	548.272714681	0.0
10.3731	548.324008405	0.0
10.3834	548.3756479	1.0
10.3936	548.426630927	0.0
10.4038	548.477460065	1.0
10.4141	548.528631841	0.0
10.4243	548.579153095	0.0
10.4346	548.630014912	1.0
10.4448	548.680230148	0.0
10.455	548.730293813	0.0
10.4653	548.780694955	0.0
10.4755	548.830455373	0.0
10.4858	548.880551224	2.0
10.496	548.930010232	1.0
10.5062	548.97931995	0.0
10.5165	549.028962065	1.0
10.5267	549.077973104	1.0
10.537	549.127314525	0.0
10.5472	549.176028692	1.0
10.5574	549.22459582	0.0
10.5677	549.273490337	1.0
10.5779	549.321763282	0.0
10.5882	549.370361634	1.0
10.5984	549.418342179	0.0
10.6086	549.466177898	0.0
10.6189	549.514336077	1.0
10.6291	549.561882044	0.0
10.6394	549.609748518	0.0
10.6496	549.657006488	4.0
10.6598	549.704121814	0.0
10.6701	549.751554743	2.0
10.6803	549.79838468	0.0
10.6906	549.845530297	0.0
10.7008	549.892076575	0.0
10.711	549.938482356	2.0
10.7213	549.985200957	0.0
10.7315	550.031325648	1.0
10.7418	550.077761264	2.0
10.752	550.123606568	0.0
10.7622	550.16931349	1.0
10.7725	550.215328521	0.0
10.7827	550.260758586	0.0
10.793	550.306494894	0.0
10.8032	550.351649779	0.0
10.8134	550.396668367	0.0
10.8237	550.441990424	0.0
10.8339	550.486736324	0.0
10.8442	550.531783855	0.0
10.8544	550.576258719	1.0
10.8646	550.620599339	0.0
10.8749	550.665238857	1.0
10.8851	550.709310896	1.0
10.8954	550.753680023	0.0
10.9056	550.797485107	1.0
10.9158	550.841157969	1.0
10.9261	550.885125228	0.0
10.9363	550.928533553	0.0
10.9466	550.972234493	0.0
10.9568	551.015379884	0.0
10.967	551.058395043	0.0
10.9773	551.101700167	1.0
10.9875	551.144454774	1.0
10.9978	551.187497589	0.0
11.008	551.229993222	2.0
11.0182	551.272360584	0.0
11.0285	551.315013544	1.0
11.0387	551.357124278	0.0
11.049	551.399518879	0.0
11.0592	551.441374539	1.0
11.0694	551.48310386	0.0
11.0797	551.525114478	1.0
11.0899	551.566591035	0.0
11.1002	551.608347184	2.0
11.1104	551.649572509	1.0
11.1206	551.690673397	0.0
11.1309	551.732051346	1.0
11.1411	551.772903277	0.0
11.1514	551.81403059	2.0
11.1616	551.854635071	0.0
11.1718	551.895116991	0.0
11.1821	551.935871799	2.0
11.1923	551.97610851	0.0
11.2026	552.016616457	0.0
11.2128	552.056609445	0.0
11.223	552.096481718	0.0
11.2333	552.136622769	1.0
11.2435	552.176253526	0.0
11.2538	552.216151433	2.0
11.264	552.255542138	0.0
11.2742	552.294813945	0.0
11.2845	552.334350482	0.0
11.2947	552.37338441	1.0
11.305	552.412681465	0.0
11.3152	552.451478956	3.0
11.3254	552.49015934	0.0
11.3357	552.529100467	0.0
11.3459	552.567546554	0.0
11.3562	552.606251806	0.0
11.3664	552.644465017	0.0
11.3766	552.682562884	0.0
11.3869	552.720917568	0.0
11.3971	552.758784667	3.0
11.4074	552.796907028	0.0
11.4176	552.834544758	2.0
11.4278	552.872068881	0.0
11.4381	552.909845954	0.0
11.4483	552.947142785	1.0
11.4586	552.984691033	0.0
11.4688	553.021761948	0.0
11.479	553.058720968	1.0
11.4893	553.095929127	0.0
11.4995	553.132664278	1.0
11.5098	553.169647059	0.0
11.52	553.206159696	0.0
11.5302	553.242562123	0.0
11.5405	553.279209937	1.0
11.5507	553.315391865	2.0
11.561	553.351817696	1.0
11.5712	553.387780462	2.0
11.5814	553.423634677	1.0
11.5917	553.459730585	1.0
11.6019	553.495367623	1.0
11.6122	553.53124489	0.0
11.6224	553.566666067	0.0
11.6326	553.601980327	1.0
11.6429	553.63753264	0.0
11.6531	553.672632993	1.0
11.6634	553.707969958	1.0
11.6736	553.742857701	1.0
11.6838	553.777640138	0.0
11.6941	553.812657042	1.0
11.7043	553.847228793	1.0
11.7146	553.882033592	2.0
11.7248	553.916395935	0.0
11.735	553.950654557	0.0
11.7453	553.985144116	0.0
11.7555	554.019195226	1.0
11.7658	554.053475874	0.0
11.776	554.087320729	2.0
11.7862	554.121063425	0.0
11.7965	554.15503358	1.0
11.8067	554.188571889	1.0
11.817	554.222336279	0.0
11.8272	554.25567144	0.0
11.8374	554.28890598	0.0
11.8477	554.322364553	0.0
11.8579	554.355397784	1.0
11.8682	554.388653691	0.0
11.8784	554.421486833	0.0
11.8886	554.454220869	0.0
11.8989	554.487175565	0.0
11.9091	554.519711324	0.0
11.9194	554.552466406	1.0
11.9296	554.584805089	0.0
11.9398	554.61704616	0.0
11.9501	554.649504567	0.0
11.9603	554.681550346	0.0
11.9706	554.713812145	0.0
11.9808	554.745663815	0.0
11.991	554.777419344	0.0
12.0013	554.809388936	0.0
12.0115	554.840952114	0.0
12.0218	554.872728058	1.0
12.032	554.904100051	1.0
12.0422	554.93537735	1.0
12.0525	554.966865488	0.0
12.0627	554.997953332	1.0
12.073	555.02925074	0.0
12.0832	555.060150279	0.0
12.0934	555.090956549	1.0
12.1037	555.121970484	2.0
12.1139	555.152590154	0.0
12.1242	555.183416231	0.0
[END DATA]
