TL-DOS Lehrstuhlversuch
detector=R1408206
job_number=2015-11-03-008
irradiation_dose [mSv]=0.1

[BEGIN DATA]
time [sec] 	 temperature [K] 	 photoncount 
0.0	153.481271085	0.0
0.0102	154.927546581	0.0
0.0205	156.382688867	1.0
0.0307	157.818461858	0.0
0.041	159.263037251	4.0
0.0512	160.688384004	2.0
0.0614	162.108571309	0.0
0.0717	163.537465464	0.0
0.0819	164.947339711	1.0
0.0922	166.36585758	0.0
0.1024	167.765493659	1.0
0.1126	169.160063358	1.0
0.1229	170.56318285	0.0
0.1331	171.947625519	1.0
0.1434	173.340555895	3.0
0.1536	174.714945074	0.0
0.1638	176.084359262	0.0
0.1741	177.46216902	2.0
0.1843	178.82163885	0.0
0.1946	180.189443285	0.0
0.2048	181.539040973	2.0
0.215	182.883753409	1.0
0.2253	184.236709974	4.0
0.2355	185.571657432	2.0
0.2458	186.914789152	0.0
0.256	188.240042542	0.0
0.2662	189.560498801	0.0
0.2765	190.889050481	0.0
0.2867	192.199917904	0.0
0.297	193.518821961	0.0
0.3072	194.82017018	0.0
0.3174	196.1168078	0.0
0.3277	197.421394813	0.0
0.3379	198.708616562	0.0
0.3482	200.003729979	0.0
0.3584	201.281604233	0.0
0.3686	202.554852859	0.0
0.3789	203.835907486	0.0
0.3891	205.099910086	0.0
0.3994	206.371662002	0.0
0.4096	207.626485719	0.0
0.4198	208.876767246	0.0
0.4301	210.134713968	0.0
0.4403	211.37591625	0.0
0.4506	212.624728065	0.0
0.4608	213.856917035	0.0
0.471	215.084645748	0.0
0.4813	216.319901389	0.0
0.4915	217.538714631	0.0
0.5018	218.765000143	0.0
0.512	219.974962656	0.0
0.5222	221.180545366	0.0
0.5325	222.393519233	1.0
0.5427	223.590347291	1.0
0.553	224.794512833	0.0
0.5632	225.982649814	1.0
0.5734	227.166485996	0.0
0.5837	228.357580011	0.0
0.5939	229.532819459	0.0
0.6042	230.715264036	1.0
0.6144	231.881969177	0.0
0.6246	233.044451099	0.0
0.6349	234.214059935	0.0
0.6451	235.368100192	0.0
0.6554	236.52921561	0.0
0.6656	237.674875504	0.0
0.6758	238.816388357	0.0
0.6861	239.964899569	0.0
0.6963	241.09812303	0.0
0.7066	242.238294029	0.0
0.7168	243.363288294	0.0
0.727	244.484210322	0.0
0.7373	245.612004472	0.0
0.7475	246.724786634	0.0
0.7578	247.844391014	0.0
0.768	248.949092419	0.0
0.7782	250.049795045	0.0
0.7885	251.157245831	0.0
0.7987	252.249955418	1.0
0.809	253.349364163	0.0
0.8192	254.434138756	0.0
0.8294	255.5149867	0.0
0.8397	256.602461079	2.0
0.8499	257.675460165	0.0
0.8602	258.755037567	0.0
0.8704	259.820244791	0.0
0.8806	260.881596196	0.0
0.8909	261.949454507	0.0
0.9011	263.003098633	0.0
0.9114	264.063202414	0.0
0.9216	265.109195229	0.0
0.9318	266.151401777	0.0
0.9421	267.199997858	2.0
0.9523	268.234636152	0.0
0.9626	269.275617581	0.0
0.9728	270.302742581	0.0
0.983	271.32614961	1.0
0.9933	272.355830917	0.0
1.0035	273.37180621	0.0
1.0138	274.39401022	0.0
1.024	275.402607745	0.0
1.0342	276.407554365	0.0
1.0445	277.418662086	0.0
1.0547	278.416311025	0.0
1.065	279.420076326	0.0
1.0752	280.410480578	1.0
1.0854	281.397299781	0.0
1.0957	282.390168951	0.0
1.1059	283.36982211	0.0
1.1162	284.355481303	0.0
1.1264	285.328020456	1.0
1.1366	286.297039228	0.0
1.1469	287.271998837	0.0
1.1571	288.233980827	0.0
1.1674	289.201860513	0.0
1.1776	290.156856822	0.0
1.1878	291.10839625	0.0
1.1981	292.065769353	0.0
1.2083	293.010398931	0.0
1.2186	293.960819821	0.0
1.2288	294.898589726	1.0
1.239	295.832965106	0.0
1.2493	296.773068932	2.0
1.2595	297.700659104	1.0
1.2698	298.633936122	0.0
1.28	299.554790356	0.0
1.2902	300.472311297	0.0
1.3005	301.395457353	2.0
1.3107	302.306315478	0.0
1.321	303.222757869	0.0
1.3312	304.127001561	0.0
1.3414	305.027972086	0.0
1.3517	305.934466259	1.0
1.3619	306.828894153	1.0
1.3722	307.728805583	0.0
1.3824	308.616738357	1.0
1.3926	309.501457005	0.0
1.4029	310.391599665	0.0
1.4131	311.2698937	0.0
1.4234	312.153572358	1.0
1.4336	313.025488433	1.0
1.4438	313.894248359	0.0
1.4541	314.768334458	0.0
1.4643	315.630785659	0.0
1.4746	316.498524355	0.0
1.4848	317.354712643	0.0
1.495	318.207801714	0.0
1.5053	319.066120882	0.0
1.5155	319.913015026	1.0
1.5258	320.765101287	0.0
1.536	321.605845489	1.0
1.5462	322.443546379	0.0
1.5565	323.286383024	0.0
1.5667	324.118000731	0.0
1.577	324.954716899	1.0
1.5872	325.780295599	0.0
1.5974	326.602885881	0.0
1.6077	327.43051928	0.0
1.6179	328.24713611	1.0
1.6282	329.068759435	0.0
1.6384	329.879446189	2.0
1.6486	330.687198433	0.0
1.6589	331.499902825	0.0
1.6691	332.301789366	1.0
1.6794	333.108592094	0.0
1.6896	333.904655528	1.0
1.6998	334.697837384	0.0
1.7101	335.495882061	1.0
1.7203	336.283304021	0.0
1.7306	337.075553489	1.0
1.7408	337.85725738	1.0
1.751	338.636131673	0.0
1.7613	339.419781069	1.0
1.7715	340.192999363	0.0
1.7818	340.970958086	2.0
1.792	341.738561455	2.0
1.8022	342.503386266	2.0
1.8125	343.272900046	1.0
1.8227	344.032170883	0.0
1.833	344.796096639	1.0
1.8432	345.549853834	1.0
1.8534	346.30088259	1.0
1.8637	347.056515736	0.0
1.8739	347.802090702	2.0
1.8842	348.552236621	0.0
1.8944	349.292397401	1.0
1.9046	350.029878959	3.0
1.9149	350.771881851	3.0
1.9251	351.504007996	0.0
1.9354	352.240622641	3.0
1.9456	352.967432261	1.0
1.9558	353.691610988	1.0
1.9661	354.420229492	2.0
1.9763	355.139149406	1.0
1.9866	355.862476858	2.0
1.9968	356.576176149	3.0
2.007	357.287292003	2.0
2.0173	358.002767548	1.0
2.0275	358.70871945	1.0
2.0378	359.418999384	4.0
2.048	360.119824833	3.0
2.0582	360.818113445	3.0
2.0685	361.520683108	2.0
2.0787	362.213900916	2.0
2.089	362.911368686	5.0
2.0992	363.599552513	2.0
2.1094	364.285245264	2.0
2.1197	364.975141842	3.0
2.1299	365.655855256	4.0
2.1402	366.340741972	3.0
2.1504	367.016512209	4.0
2.1606	367.689836304	6.0
2.1709	368.367288398	6.0
2.1811	369.035722975	8.0
2.1914	369.708255574	6.0
2.2016	370.37183614	4.0
2.2118	371.033014688	6.0
2.2221	371.698246773	8.0
2.2323	372.354624001	5.0
2.2426	373.015025331	7.0
2.2528	373.666636106	8.0
2.263	374.31588819	6.0
2.2733	374.969120693	5.0
2.2835	375.613658065	5.0
2.2938	376.262146951	14.0
2.304	376.902003847	4.0
2.3142	377.5395446	7.0
2.3245	378.180993972	9.0
2.3347	378.813905057	11.0
2.345	379.450696377	16.0
2.3552	380.079011414	10.0
2.3654	380.705052087	6.0
2.3757	381.334930874	12.0
2.3859	381.956425389	5.0
2.3962	382.581730148	11.0
2.4064	383.19871152	8.0
2.4166	383.813459552	15.0
2.4269	384.431976467	11.0
2.4371	385.042260347	9.0
2.4474	385.65628574	6.0
2.4576	386.262137885	16.0
2.4678	386.865796977	8.0
2.4781	387.473156967	7.0
2.4883	388.072432431	10.0
2.4986	388.675381918	10.0
2.5088	389.270305588	9.0
2.519	389.863075763	14.0
2.5293	390.459480078	10.0
2.5395	391.047945699	15.0
2.5498	391.64001907	18.0
2.56	392.224211394	10.0
2.5702	392.806289069	19.0
2.5805	393.39193533	17.0
2.5907	393.969786097	8.0
2.601	394.551179536	18.0
2.6112	395.124834089	12.0
2.6214	395.696412137	14.0
2.6317	396.271494401	17.0
2.6419	396.838921786	13.0
2.6522	397.409827941	15.0
2.6624	397.973134805	20.0
2.6726	398.53440262	16.0
2.6829	399.099111442	19.0
2.6931	399.656303465	19.0
2.7034	400.216911506	17.0
2.7136	400.770057335	19.0
2.7238	401.321200895	17.0
2.7341	401.875723392	20.0
2.7443	402.42286468	17.0
2.7546	402.973360368	17.0
2.7648	403.516528448	24.0
2.775	404.057730376	19.0
2.7853	404.602250292	10.0
2.7955	405.139522143	22.0
2.8058	405.680087886	21.0
2.816	406.213458197	19.0
2.8262	406.744897823	17.0
2.8365	407.279595586	19.0
2.8467	407.807176025	15.0
2.857	408.337990941	23.0
2.8672	408.861740218	20.0
2.8774	409.383593635	16.0
2.8877	409.908646419	18.0
2.8979	410.426710263	20.0
2.9082	410.947950239	15.0
2.9184	411.462252028	18.0
2.9286	411.974692155	10.0
2.9389	412.490273937	19.0
2.9491	412.998992847	11.0
2.9594	413.510830599	19.0
2.9696	414.015855315	12.0
2.9798	414.51905195	8.0
2.9901	415.025333571	15.0
3.0003	415.524876113	16.0
3.0106	416.027481239	13.0
3.0208	416.523396224	17.0
3.031	417.017516103	14.0
3.0413	417.514665321	15.0
3.0515	418.00519702	15.0
3.0618	418.49873606	13.0
3.072	418.985705636	22.0
3.0822	419.470912488	5.0
3.0925	419.959094034	11.0
3.1027	420.440777431	7.0
3.113	420.92541392	14.0
3.1232	421.403599447	16.0
3.1334	421.880054046	10.0
3.1437	422.359429681	20.0
3.1539	422.832424382	9.0
3.1642	423.308318906	9.0
3.1744	423.777878833	8.0
3.1846	424.245739054	11.0
3.1949	424.716467621	11.0
3.2051	425.180930353	12.0
3.2154	425.648240603	12.0
3.2256	426.109330519	15.0
3.2358	426.568751389	12.0
3.2461	427.030988865	15.0
3.2563	427.487073531	9.0
3.2666	427.94595435	12.0
3.2768	428.398727039	8.0
3.287	428.849860789	13.0
3.2973	429.303760338	12.0
3.3075	429.751618063	14.0
3.3178	430.202221503	16.0
3.328	430.646826993	11.0
3.3382	431.089823107	14.0
3.3485	431.53553513	9.0
3.3587	431.975314313	13.0
3.369	432.417789683	16.0
3.3792	432.854375295	15.0
3.3894	433.289380562	13.0
3.3997	433.727052748	9.0
3.4099	434.158899111	14.0
3.4202	434.593393026	20.0
3.4304	435.022103425	14.0
3.4406	435.449261984	16.0
3.4509	435.879039357	20.0
3.4611	436.303095993	13.0
3.4714	436.729752426	17.0
3.4816	437.150729665	23.0
3.4918	437.570183058	13.0
3.5021	437.992208025	22.0
3.5123	438.408615448	17.0
3.5226	438.827575771	27.0
3.5328	439.240959343	15.0
3.543	439.652846557	23.0
3.5533	440.067258958	14.0
3.5635	440.476155145	14.0
3.5738	440.887558183	13.0
3.584	441.293485064	14.0
3.5942	441.697942578	18.0
3.6045	442.10487973	20.0
3.6147	442.506400171	10.0
3.625	442.910382243	16.0
3.6352	443.308986939	16.0
3.6454	443.706148772	19.0
3.6557	444.105745514	15.0
3.6659	444.500023254	25.0
3.6762	444.896718221	21.0
3.6864	445.28813281	14.0
3.6966	445.678130563	30.0
3.7069	446.070519304	12.0
3.7171	446.457684987	14.0
3.7274	446.847224296	17.0
3.7376	447.231578474	18.0
3.7478	447.614541374	12.0
3.7581	447.999852133	17.0
3.7683	448.380034048	12.0
3.7786	448.762546774	18.0
3.7888	449.139967899	18.0
3.799	449.516022842	17.0
3.8093	449.894383293	17.0
3.8195	450.267707415	14.0
3.8298	450.643320303	14.0
3.84	451.013933435	10.0
3.8502	451.383205028	17.0
3.8605	451.754740541	18.0
3.8707	452.121330572	12.0
3.881	452.490168085	18.0
3.8912	452.854096027	22.0
3.9014	453.216706629	25.0
3.9117	453.581540315	14.0
3.9219	453.941517726	15.0
3.9322	454.303702077	23.0
3.9424	454.661065419	16.0
3.9526	455.017135182	16.0
3.9629	455.375387929	16.0
3.9731	455.728872	15.0
3.9834	456.084523201	15.0
3.9936	456.435440355	14.0
4.0038	456.785087265	14.0
4.0141	457.136877782	21.0
4.0243	457.48398564	19.0
4.0346	457.833221538	12.0
4.0448	458.177808782	15.0
4.055	458.521148695	12.0
4.0653	458.866593548	15.0
4.0755	459.207440209	11.0
4.0858	459.550376524	19.0
4.096	459.888748038	10.0
4.1062	460.225894721	10.0
4.1165	460.565108374	12.0
4.1267	460.899806779	17.0
4.137	461.236557144	5.0
4.1472	461.568825049	14.0
4.1574	461.899890216	17.0
4.1677	462.23298507	14.0
4.1779	462.561646121	18.0
4.1882	462.89232212	14.0
4.1984	463.218596514	16.0
4.2086	463.543689865	11.0
4.2189	463.87077629	18.0
4.2291	464.193508892	6.0
4.2394	464.518220094	14.0
4.2496	464.838609089	15.0
4.2598	465.157838345	8.0
4.2701	465.479024724	13.0
4.2803	465.795935814	20.0
4.2906	466.114789814	12.0
4.3008	466.429399572	7.0
4.311	466.742870511	8.0
4.3213	467.058263269	10.0
4.3315	467.369457857	6.0
4.3418	467.682560308	15.0
4.352	467.991495076	19.0
4.3622	468.299311566	17.0
4.3725	468.609015211	10.0
4.3827	468.914596412	14.0
4.393	469.222051062	14.0
4.4032	469.525413206	13.0
4.4134	469.827677245	8.0
4.4237	470.131794396	16.0
4.4339	470.431863466	5.0
4.4442	470.733772192	9.0
4.4544	471.031662232	20.0
4.4646	471.328473974	18.0
4.4749	471.627105403	13.0
4.4851	471.92176177	11.0
4.4954	472.21822461	17.0
4.5056	472.510741253	19.0
4.5158	472.80219905	12.0
4.5261	473.095443708	12.0
4.5363	473.384785008	18.0
4.5466	473.675900195	8.0
4.5568	473.963140368	13.0
4.567	474.249340793	13.0
4.5773	474.53729585	16.0
4.5875	474.821417957	13.0
4.5978	475.107281952	16.0
4.608	475.389340833	9.0
4.6182	475.670378721	11.0
4.6285	475.95313959	9.0
4.6387	476.232136649	11.0
4.649	476.512844176	7.0
4.6592	476.789815225	11.0
4.6694	477.065783699	7.0
4.6797	477.343444074	13.0
4.6899	477.617408531	13.0
4.7002	477.893052603	12.0
4.7104	478.165027596	10.0
4.7206	478.436018098	10.0
4.7309	478.708669983	12.0
4.7411	478.977692617	10.0
4.7514	479.248364569	14.0
4.7616	479.515433626	19.0
4.7718	479.781535951	13.0
4.7821	480.049269689	18.0
4.7923	480.313439643	7.0
4.8026	480.579229163	12.0
4.8128	480.841480778	10.0
4.823	481.102783098	17.0
4.8333	481.365687405	14.0
4.8435	481.625092211	9.0
4.8538	481.886087369	11.0
4.864	482.14360844	8.0
4.8742	482.40019734	11.0
4.8845	482.658359329	16.0
4.8947	482.913084943	8.0
4.905	483.169372221	8.0
4.9152	483.422248078	11.0
4.9254	483.674208579	10.0
4.9357	483.927713794	14.0
4.9459	484.177844618	7.0
4.9562	484.429508939	10.0
4.9664	484.677823373	14.0
4.9766	484.925238963	14.0
4.9869	485.174171403	9.0
4.9971	485.41979032	13.0
5.0074	485.666915072	8.0
5.0176	485.910750364	14.0
5.0278	486.153703025	11.0
5.0381	486.398145174	9.0
5.0483	486.639333571	7.0
5.0586	486.88200064	10.0
5.0688	487.121437585	13.0
5.079	487.36000782	11.0
5.0893	487.600040675	16.0
5.0995	487.83687847	5.0
5.1098	488.075168265	9.0
5.12	488.310286201	6.0
5.1302	488.544553061	10.0
5.1405	488.780256159	13.0
5.1507	489.012821829	11.0
5.161	489.246813307	11.0
5.1712	489.477690142	8.0
5.1814	489.707731252	10.0
5.1917	489.939182692	12.0
5.2019	490.167553299	7.0
5.2122	490.397323995	11.0
5.2224	490.62403623	11.0
5.2326	490.849927815	14.0
5.2429	491.077204291	14.0
5.2531	491.301455505	12.0
5.2634	491.527081554	8.0
5.2736	491.74970431	9.0
5.2838	491.971521221	9.0
5.2941	492.19469804	11.0
5.3043	492.414904169	8.0
5.3146	492.636460333	15.0
5.3248	492.855067378	13.0
5.335	493.072883113	15.0
5.3453	493.292034227	11.0
5.3555	493.508268236	17.0
5.3658	493.725827928	14.0
5.376	493.940491698	12.0
5.3862	494.154378431	13.0
5.3965	494.369576456	12.0
5.4067	494.581909996	11.0
5.417	494.795545304	6.0
5.4272	495.006336929	12.0
5.4374	495.216365533	11.0
5.4477	495.427681775	12.0
5.4579	495.636185202	14.0
5.4682	495.845966917	12.0
5.4784	496.052956242	6.0
5.4886	496.259196311	11.0
5.4989	496.466700791	8.0
5.5091	496.671443194	8.0
5.5194	496.877440826	14.0
5.5296	497.080696439	15.0
5.5398	497.28321631	6.0
5.5501	497.486977786	13.0
5.5603	497.688027006	13.0
5.5706	497.890308815	5.0
5.5808	498.089898064	6.0
5.591	498.288764844	9.0
5.6013	498.488850831	5.0
5.6115	498.686273488	6.0
5.6218	498.884906499	12.0
5.632	499.08089552	10.0
5.6422	499.276175103	10.0
5.6525	499.472651902	7.0
5.6627	499.666513411	14.0
5.673	499.861563442	10.0
5.6832	500.054017177	8.0
5.6934	500.24577427	18.0
5.7037	500.438706983	12.0
5.7139	500.629071582	7.0
5.7242	500.820603264	10.0
5.7344	501.009585481	8.0
5.7446	501.197883624	7.0
5.7549	501.38733618	12.0
5.7651	501.574266946	5.0
5.7754	501.762343744	4.0
5.7856	501.947917064	7.0
5.7958	502.132818649	10.0
5.8061	502.318853824	13.0
5.8163	502.502412699	6.0
5.8266	502.687096931	5.0
5.8368	502.869322845	2.0
5.847	503.05088914	8.0
5.8573	503.233568578	6.0
5.8675	503.413816382	5.0
5.8778	503.595169246	8.0
5.888	503.774108134	7.0
5.8982	503.952399302	8.0
5.9085	504.131783534	8.0
5.9187	504.308779995	7.0
5.929	504.486861581	13.0
5.9392	504.662572736	7.0
5.9494	504.837647854	6.0
5.9597	505.013796319	3.0
5.9699	505.187600084	5.0
5.9802	505.362469401	6.0
5.9904	505.535011045	6.0
6.0006	505.706928126	7.0
6.0109	505.879899191	5.0
6.0211	506.050567851	7.0
6.0314	506.222282842	9.0
6.0416	506.391712147	1.0
6.0518	506.560528155	9.0
6.0621	506.730379136	8.0
6.0723	506.897969242	5.0
6.0826	507.066586806	5.0
6.0928	507.232959914	7.0
6.103	507.398730786	4.0
6.1133	507.565517963	12.0
6.1235	507.730085048	5.0
6.1338	507.895661056	5.0
6.144	508.059033094	8.0
6.1542	508.22181376	6.0
6.1645	508.385592399	6.0
6.1747	508.547190991	6.0
6.185	508.709780308	5.0
6.1952	508.87020541	4.0
6.2054	509.030049808	6.0
6.2157	509.190874176	4.0
6.2259	509.349557823	6.0
6.2362	509.509214323	6.0
6.2464	509.666745647	8.0
6.2566	509.823706742	2.0
6.2669	509.98163013	4.0
6.2771	510.137451411	6.0
6.2874	510.294227997	6.0
6.2976	510.448917741	5.0
6.3078	510.603047542	4.0
6.3181	510.758122278	4.0
6.3283	510.911132825	4.0
6.3386	511.065081445	7.0
6.3488	511.216980867	2.0
6.359	511.368330445	4.0
6.3693	511.520607914	4.0
6.3795	511.670858428	6.0
6.3898	511.822030094	2.0
6.4	511.971189525	2.0
6.4102	512.119809031	3.0
6.4205	512.26933969	3.0
6.4307	512.416879957	4.0
6.441	512.56532476	3.0
6.4512	512.711793625	2.0
6.4614	512.857732305	2.0
6.4717	513.004565701	8.0
6.4819	513.149444609	2.0
6.4922	513.295211737	3.0
6.5024	513.439038569	2.0
6.5126	513.582344779	3.0
6.5229	513.726529567	1.0
6.5331	513.868795121	3.0
6.5434	514.011932874	1.0
6.5536	514.153165331	4.0
6.5638	514.293886556	2.0
6.5741	514.435470512	3.0
6.5843	514.575169854	6.0
6.5946	514.715725661	2.0
6.6048	514.854410539	2.0
6.615	514.992593409	4.0
6.6253	515.131623446	0.0
6.6355	515.268802865	5.0
6.6458	515.4068233	2.0
6.656	515.543006555	0.0
6.6662	515.678696855	2.0
6.6765	515.815219043	3.0
6.6867	515.949923993	2.0
6.697	516.085454789	3.0
6.7072	516.219181545	1.0
6.7174	516.352424238	3.0
6.7277	516.486483813	3.0
6.7379	516.61875893	1.0
6.7482	516.751844996	1.0
6.7584	516.883159563	7.0
6.7686	517.0139988	2.0
6.7789	517.145640182	0.0
6.7891	517.275529296	2.0
6.7994	517.40621473	2.0
6.8096	517.53516062	3.0
6.8198	517.663639754	1.0
6.8301	517.792906565	2.0
6.8403	517.920452714	1.0
6.8506	518.04878082	2.0
6.8608	518.17540076	2.0
6.871	518.301562363	1.0
6.8813	518.428497434	1.0
6.8915	518.553742882	2.0
6.9018	518.679756181	1.0
6.912	518.804092126	1.0
6.9222	518.927978002	2.0
6.9325	519.052623395	1.0
6.9427	519.175609642	2.0
6.953	519.299349889	0.0
6.9632	519.42144304	2.0
6.9734	519.543094239	2.0
6.9837	519.665491254	1.0
6.9939	519.786259052	0.0
7.0042	519.90776725	2.0
7.0144	520.02765806	0.0
7.0246	520.147114892	2.0
7.0349	520.267304087	3.0
7.0451	520.385893453	1.0
7.0554	520.505209863	1.0
7.0656	520.62293806	0.0
7.0758	520.740240107	1.0
7.0861	520.858261307	1.0
7.0963	520.974711535	1.0
7.1066	521.091875693	3.0
7.1168	521.207480287	1.0
7.127	521.322666418	1.0
7.1373	521.438558729	0.0
7.1475	521.552908405	3.0
7.1578	521.667959134	1.0
7.168	521.781478431	5.0
7.1782	521.894586813	0.0
7.1885	522.008388636	0.0
7.1987	522.120675652	1.0
7.209	522.233651074	1.0
7.2192	522.345122688	0.0
7.2294	522.456190799	1.0
7.2397	522.567939844	2.0
7.2499	522.678201405	0.0
7.2602	522.789138955	1.0
7.2704	522.898599824	0.0
7.2806	523.007664467	0.0
7.2909	523.117397762	1.0
7.3011	523.225670404	0.0
7.3114	523.334606842	0.0
7.3216	523.442093234	1.0
7.3318	523.549190549	3.0
7.3421	523.656944454	1.0
7.3523	523.763264054	1.0
7.3626	523.870235475	2.0
7.3728	523.975783008	0.0
7.383	524.080948481	2.0
7.3933	524.1867587	0.0
7.4035	524.291160487	1.0
7.4138	524.396202338	0.0
7.424	524.499845985	0.0
7.4342	524.603114463	0.0
7.4445	524.707016058	0.0
7.4547	524.809534626	0.0
7.465	524.912681712	0.0
7.4752	525.014455815	2.0
7.4854	525.115861517	1.0
7.4957	525.217888915	2.0
7.5059	525.318558233	2.0
7.5162	525.419844733	1.0
7.5264	525.519783015	0.0
7.5366	525.619359542	1.0
7.5469	525.719546551	0.0
7.5571	525.818399977	0.0
7.5674	525.917859452	0.0
7.5776	526.015995028	1.0
7.5878	526.113775375	1.0
7.5981	526.212155192	1.0
7.6083	526.309225481	0.0
7.6186	526.406890887	1.0
7.6288	526.503256276	0.0
7.639	526.599272842	0.0
7.6493	526.695878065	1.0
7.6595	526.791197383	0.0
7.6698	526.887101081	0.0
7.68	526.981728213	0.0
7.6902	527.076012814	1.0
7.7005	527.170875454	0.0
7.7107	527.264475383	0.0
7.721	527.358649153	1.0
7.7312	527.451569383	0.0
7.7414	527.544153261	0.0
7.7517	527.63730475	1.0
7.7619	527.729216306	0.0
7.7722	527.821691352	0.0
7.7824	527.912935469	2.0
7.7926	528.003849301	0.0
7.8029	528.095320507	0.0
7.8131	528.185574145	2.0
7.8234	528.276381108	1.0
7.8336	528.365979346	0.0
7.8438	528.455253258	1.0
7.8541	528.545074488	0.0
7.8643	528.633700115	1.0
7.8746	528.722869085	1.0
7.8848	528.810851133	0.0
7.895	528.898514705	0.0
7.9053	528.986715723	1.0
7.9155	529.073742703	0.0
7.9258	529.161303227	0.0
7.936	529.247698238	0.0
7.9462	529.333780518	1.0
7.9565	529.42039055	1.0
7.9667	529.505847721	0.0
7.977	529.591828811	0.0
7.9872	529.676665413	0.0
7.9974	529.761194925	0.0
8.0077	529.846242668	0.0
8.0179	529.930158347	0.0
8.0282	530.014588494	2.0
8.0384	530.097894797	0.0
8.0486	530.180899549	0.0
8.0589	530.264413185	0.0
8.0691	530.346815177	1.0
8.0794	530.429722357	0.0
8.0896	530.511525966	0.0
8.0998	530.593033463	1.0
8.1101	530.675040664	0.0
8.1203	530.755956273	0.0
8.1306	530.837367958	0.0
8.1408	530.917695977	1.0
8.151	530.997733227	1.0
8.1613	531.078261167	1.0
8.1715	531.157717205	0.0
8.1818	531.23766037	0.0
8.192	531.316539418	0.0
8.2022	531.39513294	1.0
8.2125	531.474208302	0.0
8.2227	531.552231097	0.0
8.233	531.630732232	1.0
8.2432	531.708188445	0.0
8.2534	531.785364282	1.0
8.2637	531.863013268	0.0
8.2739	531.939628673	0.0
8.2842	532.01671379	0.0
8.2944	532.092772833	1.0
8.3046	532.168556558	1.0
8.3149	532.244804896	2.0
8.3251	532.320038298	0.0
8.3354	532.39573294	2.0
8.3456	532.470420015	0.0
8.3558	532.544836739	0.0
8.3661	532.619709695	1.0
8.3763	532.693586023	1.0
8.3866	532.76791527	0.0
8.3968	532.841255126	0.0
8.407	532.914329507	1.0
8.4173	532.987851891	0.0
8.4275	533.060395624	0.0
8.4378	533.133384106	0.0
8.448	533.205401043	0.0
8.4582	533.277157295	0.0
8.4685	533.349353468	1.0
8.4787	533.420588643	0.0
8.489	533.492260545	0.0
8.4992	533.562978428	0.0
8.5094	533.633440327	1.0
8.5197	533.704334212	1.0
8.5299	533.774284433	0.0
8.5402	533.844663504	0.0
8.5504	533.914105764	0.0
8.5606	533.983296658	0.0
8.5709	534.052911745	2.0
8.5811	534.121600192	1.0
8.5914	534.190709752	1.0
8.6016	534.258899399	1.0
8.6118	534.326842214	0.0
8.6221	534.395201572	1.0
8.6323	534.462651003	0.0
8.6426	534.530513952	0.0
8.6528	534.597473581	0.0
8.663	534.664190831	0.0
8.6733	534.73131711	1.0
8.6835	534.797549876	3.0
8.6938	534.864188699	0.0
8.704	534.929940498	0.0
8.7142	534.99545429	0.0
8.7245	535.061369732	1.0
8.7347	535.126407779	0.0
8.745	535.191844559	0.0
8.7552	535.256410315	2.0
8.7654	535.320742356	1.0
8.7757	535.385468803	0.0
8.7859	535.449333681	1.0
8.7962	535.5135901	0.0
8.8064	535.576991207	0.0
8.8166	535.640162815	1.0
8.8269	535.703721714	4.0
8.8371	535.766434585	0.0
8.8474	535.829531935	0.0
8.8576	535.8917894	1.0
8.8678	535.953821507	0.0
8.8781	536.016233919	1.0
8.8883	536.077815563	2.0
8.8986	536.139774751	0.0
8.9088	536.200909205	1.0
8.919	536.261822364	0.0
8.9293	536.323108969	1.0
8.9395	536.383579793	0.0
8.9498	536.444421349	0.0
8.96	536.504453047	1.0
8.9702	536.564267444	0.0
8.9805	536.62444855	3.0
8.9907	536.683828589	1.0
9.001	536.743572674	0.0
9.0112	536.802521509	2.0
9.0214	536.861256963	0.0
9.0317	536.92035251	0.0
9.0419	536.978661441	2.0
9.0522	537.03732785	0.0
9.0624	537.095213356	0.0
9.0726	537.152889328	0.0
9.0829	537.210918899	2.0
9.0931	537.268176042	0.0
9.1034	537.325784216	0.0
9.1136	537.382625571	1.0
9.1238	537.439261174	1.0
9.1341	537.496243996	0.0
9.1443	537.552468324	1.0
9.1546	537.609037351	1.0
9.1648	537.664853391	1.0
9.175	537.72046739	0.0
9.1853	537.776422345	0.0
9.1955	537.831632488	0.0
9.2058	537.887181112	0.0
9.216	537.941990333	1.0
9.2262	537.996601155	1.0
9.2365	538.051546785	1.0
9.2467	538.105761037	0.0
9.257	538.160307664	0.0
9.2672	538.214128225	0.0
9.2774	538.267753968	0.0
9.2877	538.321708478	0.0
9.2979	538.374944803	1.0
9.3082	538.428507508	1.0
9.3184	538.481357244	0.0
9.3286	538.534015675	0.0
9.3389	538.586996943	1.0
9.3491	538.639272981	1.0
9.3594	538.691869512	0.0
9.3696	538.743765934	1.0
9.3798	538.795474503	1.0
9.3901	538.847500085	0.0
9.4003	538.898833158	0.0
9.4106	538.950480943	0.0
9.4208	539.001441247	0.0
9.431	539.052217087	0.0
9.4413	539.103304222	1.0
9.4515	539.153711339	1.0
9.4618	539.204427492	0.0
9.472	539.254468565	0.0
9.4822	539.3043285	0.0
9.4925	539.354494115	1.0
9.5027	539.40399198	0.0
9.513	539.453793305	1.0
9.5232	539.502931727	0.0
9.5334	539.55189228	0.0
9.5437	539.601152998	2.0
9.5539	539.649758011	0.0
9.5642	539.69866101	0.0
9.5744	539.746913065	0.0
9.5846	539.794990457	0.0
9.5949	539.843362602	1.0
9.6051	539.891090868	1.0
9.6154	539.939111746	1.0
9.6256	539.986493421	0.0
9.6358	540.033703584	2.0
9.6461	540.081203183	1.0
9.6563	540.128070517	1.0
9.6666	540.175225185	1.0
9.6768	540.221752181	1.0
9.687	540.268110759	0.0
9.6973	540.31475355	1.0
9.7075	540.360775483	1.0
9.7178	540.407079566	0.0
9.728	540.452767299	1.0
9.7382	540.498289652	0.0
9.7485	540.544091092	0.0
9.7587	540.589282873	2.0
9.769	540.634751714	0.0
9.7792	540.679615323	4.0
9.7894	540.724316535	0.0
9.7997	540.7692918	0.0
9.8099	540.813668403	1.0
9.8202	540.858317069	1.0
9.8304	540.902371419	1.0
9.8406	540.946266303	1.0
9.8509	540.990430296	0.0
9.8611	541.034006425	3.0
9.8714	541.07784971	0.0
9.8816	541.121109399	0.0
9.8918	541.164212499	1.0
9.9021	541.207579853	0.0
9.9123	541.250369948	0.0
9.9226	541.293422379	0.0
9.9328	541.335901742	1.0
9.943	541.37822734	1.0
9.9533	541.420812426	1.0
9.9635	541.462830665	2.0
9.9738	541.505106508	0.0
9.984	541.546819621	1.0
9.9942	541.588381741	0.0
10.0045	541.630198669	0.0
10.0147	541.671458975	1.0
10.025	541.712972239	0.0
10.0352	541.753932922	0.0
10.0454	541.794745337	0.0
10.0557	541.835807964	0.0
10.0659	541.876324008	2.0
10.0762	541.917088448	2.0
10.0864	541.957310275	0.0
10.0966	541.997386508	1.0
10.1069	542.037708439	0.0
10.1171	542.077493648	0.0
10.1274	542.117522771	0.0
10.1376	542.157019069	0.0
10.1478	542.196372399	0.0
10.1581	542.235966995	1.0
10.1683	542.275034551	0.0
10.1786	542.314341621	0.0
10.1888	542.353125478	0.0
10.199	542.391768945	0.0
10.2093	542.430649327	0.0
10.2195	542.469012174	1.0
10.2298	542.507610216	2.0
10.24	542.545694482	3.0
10.2502	542.583640891	0.0
10.2605	542.621819941	1.0
10.2707	542.659490793	0.0
10.281	542.697392596	1.0
10.2912	542.73478989	0.0
10.3014	542.772051815	1.0
10.3117	542.809542184	0.0
10.3219	542.846533522	0.0
10.3322	542.883751645	0.0
10.3424	542.92047436	0.0
10.3526	542.957064147	0.0
10.3629	542.993878258	1.0
10.3731	543.030202339	0.0
10.3834	543.066749114	0.0
10.3936	543.102809418	0.0
10.4038	543.138739192	1.0
10.4141	543.174889243	2.0
10.4243	543.210558103	1.0
10.4346	543.246445641	1.0
10.4448	543.281855482	0.0
10.455	543.317137148	2.0
10.4653	543.352635117	0.0
10.4755	543.387660576	0.0
10.4858	543.422900768	2.0
10.496	543.45767188	2.0
10.5062	543.492317128	2.0
10.5165	543.527174778	0.0
10.5267	543.561568441	0.0
10.537	543.596172963	0.0
10.5472	543.630316868	0.0
10.5574	543.664337178	1.0
10.5677	543.69856606	0.0
10.5779	543.732339323	3.0
10.5882	543.766319643	0.0
10.5984	543.799847653	1.0
10.6086	543.833254298	1.0
10.6189	543.866865753	1.0
10.6291	543.900029808	1.0
10.6394	543.933397184	1.0
10.6496	543.966320409	1.0
10.6598	543.99912446	0.0
10.6701	544.032129624	0.0
10.6803	544.06469546	1.0
10.6906	544.097460949	0.0
10.7008	544.129790299	0.0
10.711	544.162002624	1.0
10.7213	544.194412435	1.0
10.7315	544.226390842	1.0
10.7418	544.258565301	0.0
10.752	544.290311488	0.0
10.7622	544.321942761	2.0
10.7725	544.353767958	0.0
10.7827	544.385169532	0.0
10.793	544.416763622	1.0
10.8032	544.447937166	0.0
10.8134	544.478997867	1.0
10.8237	544.510248996	0.0
10.8339	544.541084142	1.0
10.8442	544.572108332	0.0
10.8544	544.602719561	2.0
10.8646	544.633219984	0.0
10.8749	544.663907399	0.0
10.8851	544.694186335	0.0
10.8954	544.724650905	0.0
10.9056	544.754709963	1.0
10.9158	544.784660214	0.0
10.9261	544.814794083	0.0
10.9363	544.844526842	1.0
10.9466	544.874441886	0.0
10.9568	544.903958733	1.0
10.967	544.933368736	0.0
10.9773	544.962959044	0.0
10.9875	544.992155478	2.0
10.9978	545.021530909	2.0
11.008	545.050515326	2.0
11.0182	545.079394825	0.0
11.0285	545.108451378	1.0
11.0387	545.137121161	1.0
11.049	545.165966713	2.0
11.0592	545.194428303	0.0
11.0694	545.222786868	2.0
11.0797	545.251319294	1.0
11.0899	545.279471926	0.0
11.1002	545.307797156	1.0
11.1104	545.335745351	1.0
11.1206	545.363592379	1.0
11.1309	545.391610131	0.0
11.1411	545.419254941	0.0
11.1514	545.447069235	1.0
11.1616	545.474513295	0.0
11.1718	545.501858013	0.0
11.1821	545.529370376	0.0
11.1923	545.556516523	2.0
11.2026	545.583829098	0.0
11.2128	545.610778117	0.0
11.223	545.637629586	1.0
11.2333	545.664645675	0.0
11.2435	545.691302155	0.0
11.2538	545.71812206	0.0
11.264	545.744584968	1.0
11.2742	545.770952085	3.0
11.2845	545.797480853	0.0
11.2947	545.823656499	0.0
11.305	545.849992621	0.0
11.3152	545.875978186	1.0
11.3254	545.901869688	0.0
11.3357	545.927919925	0.0
11.3459	545.953623409	0.0
11.3562	545.979484476	2.0
11.3664	546.005001308	0.0
11.3766	546.030425774	0.0
11.3869	546.056006113	0.0
11.3971	546.081245953	1.0
11.4074	546.106640532	0.0
11.4176	546.131697087	3.0
11.4278	546.156662942	3.0
11.4381	546.181781857	0.0
11.4483	546.206566416	0.0
11.4586	546.231502924	0.0
11.4688	546.256107503	0.0
11.479	546.28062302	1.0
11.4893	546.305288835	0.0
11.4995	546.329626326	1.0
11.5098	546.354113024	1.0
11.52	546.378273781	0.0
11.5302	546.402347082	0.0
11.5405	546.426567971	0.0
11.5507	546.450466457	0.0
11.561	546.47451146	2.0
11.5712	546.498236401	0.0
11.5814	546.521875463	1.0
11.5917	546.545659451	0.0
11.6019	546.569126851	0.0
11.6122	546.592738126	1.0
11.6224	546.616035112	0.0
11.6326	546.639247768	1.0
11.6429	546.662602736	1.0
11.6531	546.685646827	0.0
11.6634	546.708832197	0.0
11.6736	546.731708948	1.0
11.6838	546.75450289	0.0
11.6941	546.777436576	1.0
11.7043	546.800064994	0.0
11.7146	546.822832141	0.0
11.7248	546.845296237	0.0
11.735	546.867679017	0.0
11.7453	546.890199022	0.0
11.7555	546.912419264	0.0
11.7658	546.934775733	0.0
11.776	546.956834617	0.0
11.7862	546.978813653	0.0
11.7965	547.000927437	0.0
11.8067	547.022746866	0.0
11.817	547.044700065	1.0
11.8272	547.066361047	0.0
11.8374	547.087943621	0.0
11.8477	547.109658512	0.0
11.8579	547.131084359	0.0
11.8682	547.152641562	1.0
11.8784	547.173911819	1.0
11.8886	547.195105082	0.0
11.8989	547.216428276	1.0
11.9091	547.237467639	0.0
11.9194	547.258635989	0.0
11.9296	547.279522569	0.0
11.9398	547.300333544	1.0
11.9501	547.321272107	0.0
11.9603	547.341931957	1.0
11.9706	547.362718469	0.0
11.9808	547.383228293	0.0
11.991	547.403663876	1.0
12.0013	547.424224744	0.0
12.0115	547.444511929	0.0
12.0218	547.464923489	0.0
12.032	547.485063353	0.0
12.0422	547.505130315	2.0
12.0525	547.525320303	0.0
12.0627	547.545241543	1.0
12.073	547.565284916	0.0
12.0832	547.585061493	0.0
12.0934	547.604766484	0.0
12.1037	547.624592281	0.0
12.1139	547.644154178	0.0
12.1242	547.663836005	1.0
[END DATA]
