TL-DOS Lehrstuhlversuch
detector=R1407201
job_number=2015-10-26-009
irradiation_dose [mSv]=10.0

[BEGIN DATA]
time [sec] 	 temperature [K] 	 photoncount 
0.0	136.077517838	0.0
0.0102	137.730819538	0.0
0.0205	139.393664857	0.0
0.0307	141.033791844	2.0
0.041	142.683386398	4.0
0.0512	144.310443656	0.0
0.0614	145.931036781	3.0
0.0717	147.560984716	1.0
0.0819	149.168663773	2.0
0.0922	150.785623093	1.0
0.1024	152.38049099	4.0
0.1126	153.96902264	0.0
0.1229	155.566724025	0.0
0.1331	157.142597096	0.0
0.1434	158.727566831	1.0
0.1536	160.290882195	1.0
0.1638	161.847986666	0.0
0.1741	163.414079461	4.0
0.1843	164.958775788	1.0
0.1946	166.512388813	2.0
0.2048	168.044775873	2.0
0.215	169.571074915	1.0
0.2253	171.106184457	1.0
0.2355	172.620320835	1.0
0.2458	174.143197504	3.0
0.256	175.645268139	1.0
0.2662	177.1413712	1.0
0.2765	178.646110456	0.0
0.2867	180.130291476	0.0
0.297	181.623039871	1.0
0.3072	183.095393854	0.0
0.3174	184.561898325	0.0
0.3277	186.036868134	0.0
0.3379	187.491686427	0.0
0.3482	188.9549026	0.0
0.3584	190.39812784	0.0
0.3686	191.835619292	0.0
0.3789	193.281408607	0.0
0.3891	194.707445079	0.0
0.3994	196.141713289	0.0
0.4096	197.556386062	0.0
0.4198	198.965438484	0.0
0.4301	200.382624605	0.0
0.4403	201.780448669	0.0
0.4506	203.186341617	0.0
0.4608	204.573026799	0.0
0.471	205.954202823	0.0
0.4813	207.34335163	0.0
0.4915	208.713521435	0.0
0.5018	210.091600491	0.0
0.512	211.450851783	0.0
0.5222	212.804702909	1.0
0.5325	214.166369086	1.0
0.5427	215.509431738	0.0
0.553	216.860247166	0.0
0.5632	218.192607315	0.0
0.5734	219.519674133	0.0
0.5837	220.854401391	0.0
0.5939	222.170893172	0.0
0.6042	223.494984349	0.0
0.6144	224.800985364	0.0
0.6246	226.101797769	0.0
0.6349	227.410119062	0.0
0.6451	228.700565645	0.0
0.6554	229.998461279	0.0
0.6656	231.278624642	1.0
0.6758	232.553702047	0.0
0.6861	233.836139785	0.0
0.6963	235.101056442	0.0
0.7066	236.373274781	1.0
0.7168	237.62811166	0.0
0.727	238.877963199	0.0
0.7373	240.135029457	0.0
0.7475	241.374921268	0.0
0.7578	242.621970304	0.0
0.768	243.851981752	0.0
0.7782	245.07710649	0.0
0.7885	246.309303212	0.0
0.7987	247.524665262	0.0
0.809	248.747042941	0.0
0.8192	249.9527201	0.0
0.8294	251.153607226	0.0
0.8397	252.361426425	2.0
0.8499	253.552744007	1.0
0.8602	254.750938421	1.0
0.8704	255.932762715	0.0
0.8806	257.109891742	0.0
0.8909	258.293815698	0.0
0.9011	259.461564502	1.0
0.9114	260.636054088	1.0
0.9216	261.794497417	0.0
0.9318	262.948338369	0.0
0.9421	264.108839821	0.0
0.9523	265.253486126	0.0
0.9626	266.404739856	1.0
0.9728	267.540264785	1.0
0.983	268.671278388	1.0
0.9933	269.808820722	1.0
1.0035	270.930821584	0.0
1.0138	272.059299151	0.0
1.024	273.172359091	0.0
1.0342	274.280996958	0.0
1.0445	275.396034392	1.0
1.0547	276.495837824	0.0
1.065	277.601989826	0.0
1.0752	278.693029221	0.0
1.0854	279.779734028	1.0
1.0957	280.872711795	0.0
1.1059	281.950756945	2.0
1.1162	283.035025067	1.0
1.1264	284.104479567	1.0
1.1366	285.169685233	0.0
1.1469	286.241039756	0.0
1.1571	287.297757086	1.0
1.1674	288.360574275	3.0
1.1776	289.40887091	0.0
1.1878	290.45300277	0.0
1.1981	291.503161839	1.0
1.2083	292.538973295	0.0
1.2186	293.58076393	2.0
1.2288	294.608321284	2.0
1.239	295.631796257	2.0
1.2493	296.661179199	7.0
1.2595	297.676498377	4.0
1.2698	298.697678444	3.0
1.28	299.704906818	0.0
1.2902	300.708133576	2.0
1.3005	301.71715142	4.0
1.3107	302.712383736	2.0
1.321	303.71336099	4.0
1.3312	304.700662568	3.0
1.3414	305.684041698	5.0
1.3517	306.673097345	3.0
1.3619	307.648640192	6.0
1.3722	308.629814321	4.0
1.3824	309.597583331	5.0
1.3926	310.561507494	10.0
1.4029	311.53099587	5.0
1.4131	312.487238782	6.0
1.4234	313.449001567	5.0
1.4336	314.397624438	3.0
1.4438	315.342478526	4.0
1.4541	316.292786747	5.0
1.4643	317.230111548	6.0
1.4746	318.17284702	2.0
1.4848	319.102702533	6.0
1.495	320.028863826	8.0
1.5053	320.960371348	14.0
1.5155	321.879152311	8.0
1.5258	322.803236901	8.0
1.536	323.714696348	12.0
1.5462	324.622534659	11.0
1.5565	325.53561343	9.0
1.5667	326.436217423	6.0
1.577	327.342020117	11.0
1.5872	328.23544744	13.0
1.5974	329.125325268	15.0
1.6077	330.02033988	22.0
1.6179	330.903126511	15.0
1.6282	331.791008994	18.0
1.6384	332.666760938	27.0
1.6486	333.539033608	25.0
1.6589	334.416341438	25.0
1.6691	335.281663204	20.0
1.6794	336.151980005	32.0
1.6896	337.010406255	30.0
1.6998	337.865422066	25.0
1.7101	338.725373421	35.0
1.7203	339.573575841	33.0
1.7306	340.426674477	37.0
1.7408	341.268117802	39.0
1.751	342.106218158	43.0
1.7613	342.949156415	36.0
1.7715	343.780578176	52.0
1.7818	344.616799286	49.0
1.792	345.441595672	43.0
1.8022	346.263115226	56.0
1.8125	347.089376969	52.0
1.8227	347.904350056	64.0
1.833	348.724027543	69.0
1.8432	349.532506329	69.0
1.8534	350.337773112	67.0
1.8637	351.147688265	87.0
1.8739	351.946538095	115.0
1.8842	352.749999253	95.0
1.8944	353.542483265	89.0
1.9046	354.331818818	89.0
1.9149	355.125710779	118.0
1.9251	355.90875633	121.0
1.9354	356.696321981	123.0
1.9456	357.473127654	106.0
1.9558	358.246847158	131.0
1.9661	359.025032926	126.0
1.9763	359.792586868	123.0
1.9866	360.564571485	155.0
1.9968	361.326008997	168.0
2.007	362.084421395	186.0
2.0173	362.847211699	181.0
2.0275	363.599580515	193.0
2.0378	364.356292349	195.0
2.048	365.10266574	230.0
2.0582	365.846073866	237.0
2.0685	366.593773286	249.0
2.0787	367.331257394	256.0
2.089	368.072998599	268.0
2.0992	368.804605896	252.0
2.1094	369.533306591	290.0
2.1197	370.266213682	319.0
2.1299	370.989107558	310.0
2.1402	371.71617431	354.0
2.1504	372.433307641	392.0
2.1606	373.147591874	384.0
2.1709	373.865999284	412.0
2.1811	374.574591579	475.0
2.1914	375.287274195	429.0
2.2016	375.990219909	479.0
2.2118	376.690372892	526.0
2.2221	377.39456748	528.0
2.2323	378.089141133	527.0
2.2426	378.787724185	577.0
2.2528	379.476762968	646.0
2.263	380.163064271	629.0
2.2733	380.85332722	678.0
2.2835	381.534159574	685.0
2.2938	382.218922004	706.0
2.304	382.894328988	720.0
2.3142	383.56705265	812.0
2.3245	384.243659581	813.0
2.3347	384.911022489	915.0
2.345	385.582237723	824.0
2.3552	386.244282597	920.0
2.3654	386.903697233	994.0
2.3757	387.566918315	1059.0
2.3859	388.221078255	1017.0
2.3962	388.879014306	1081.0
2.4064	389.527961423	1132.0
2.4166	390.174330338	1182.0
2.4269	390.824430392	1178.0
2.4371	391.465648568	1273.0
2.4474	392.110568151	1234.0
2.4576	392.746676633	1308.0
2.4678	393.380257921	1340.0
2.4781	394.017496531	1413.0
2.4883	394.646028981	1394.0
2.4986	395.278189609	1421.0
2.5088	395.901713454	1380.0
2.519	396.522760102	1469.0
2.5293	397.147391717	1559.0
2.5395	397.763489413	1531.0
2.5498	398.383143507	1532.0
2.56	398.994331686	1623.0
2.5702	399.603091677	1637.0
2.5805	400.215365711	1620.0
2.5907	400.819274658	1638.0
2.601	401.426669646	1616.0
2.6112	402.025766206	1696.0
2.6214	402.622482616	1766.0
2.6317	403.222643549	1726.0
2.6419	403.814604887	1696.0
2.6522	404.409983299	1620.0
2.6624	404.997227458	1661.0
2.6726	405.582138556	1693.0
2.6829	406.17042603	1572.0
2.6931	406.750676129	1600.0
2.7034	407.334275699	1599.0
2.7136	407.909901942	1546.0
2.7238	408.483241281	1582.0
2.7341	409.059890198	1562.0
2.7443	409.628660751	1516.0
2.7546	410.200714509	1507.0
2.7648	410.764952683	1442.0
2.775	411.326949196	1456.0
2.7853	411.892189812	1435.0
2.7955	412.449707927	1320.0
2.8058	413.010444293	1304.0
2.816	413.563519697	1254.0
2.8262	414.114397788	1237.0
2.8365	414.668455802	1214.0
2.8467	415.214944095	1177.0
2.857	415.76458697	1095.0
2.8672	416.306720445	1088.0
2.8774	416.84670008	1026.0
2.8877	417.389796725	951.0
2.8979	417.925473408	996.0
2.9082	418.464242263	972.0
2.9184	418.995650284	979.0
2.9286	419.524947074	930.0
2.9389	420.057299209	890.0
2.9491	420.582378176	881.0
2.9594	421.110488141	907.0
2.9696	421.631382896	858.0
2.9798	422.150208189	901.0
2.9901	422.672028381	877.0
3.0003	423.186719295	850.0
3.0106	423.704381243	876.0
3.0208	424.214970725	842.0
3.031	424.723531687	924.0
3.0413	425.235028297	888.0
3.0515	425.739536674	933.0
3.0618	426.246957306	889.0
3.072	426.747445393	948.0
3.0822	427.245945091	897.0
3.0925	427.747322359	959.0
3.1027	428.241849648	952.0
3.113	428.739231576	1042.0
3.1232	429.22981811	1015.0
3.1334	429.718455595	989.0
3.1437	430.20991372	1069.0
3.1539	430.694657384	1046.0
3.1642	431.182199212	1116.0
3.1744	431.663080085	1150.0
3.1846	432.142050468	1156.0
3.1949	432.623785688	1162.0
3.2051	433.098939285	1200.0
3.2154	433.576835687	1269.0
3.2256	434.048202914	1256.0
3.2358	434.517697446	1354.0
3.2461	434.989902117	1295.0
3.2563	435.455655375	1298.0
3.2666	435.924097175	1363.0
3.2768	436.386138971	1348.0
3.287	436.846345122	1404.0
3.2973	437.309207794	1483.0
3.3075	437.765746687	1416.0
3.3178	438.224920932	1492.0
3.328	438.677821789	1536.0
3.3382	439.128923318	1556.0
3.3485	439.582628812	1489.0
3.3587	440.030135634	1544.0
3.369	440.480225672	1524.0
3.3792	440.924166434	1567.0
3.3894	441.366343464	1620.0
3.3997	441.811072944	1616.0
3.4099	442.249726385	1692.0
3.4202	442.690911935	1616.0
3.4304	443.126069865	1676.0
3.4406	443.559498958	1696.0
3.4509	443.995430002	1715.0
3.4611	444.425405215	1761.0
3.4714	444.857862443	1652.0
3.4816	445.2844113	1751.0
3.4918	445.709265521	1794.0
3.5021	446.136572197	1721.0
3.5123	446.55804087	1752.0
3.5226	446.981942455	1727.0
3.5328	447.400052558	1726.0
3.543	447.816501553	1781.0
3.5533	448.235354482	1792.0
3.5635	448.648484908	1714.0
3.5738	449.064000112	1756.0
3.584	449.473838412	1772.0
3.5942	449.882048467	1711.0
3.6045	450.292614898	1624.0
3.6147	450.697572037	1593.0
3.625	451.104866775	1641.0
3.6352	451.50659692	1661.0
3.6454	451.906731032	1666.0
3.6557	452.309174903	1580.0
3.6659	452.706120454	1628.0
3.6762	453.105357359	1597.0
3.6864	453.499139759	1633.0
3.6966	453.891357701	1564.0
3.7069	454.285839706	1585.0
3.7171	454.67493217	1526.0
3.7274	455.066270655	1618.0
3.7376	455.452262546	1530.0
3.7478	455.836720931	1488.0
3.7581	456.223398586	1504.0
3.7683	456.604793326	1527.0
3.7786	456.988389652	1395.0
3.7888	457.36674516	1419.0
3.799	457.743597501	1498.0
3.8093	458.122625206	1454.0
3.8195	458.496474512	1386.0
3.8298	458.872481849	1412.0
3.84	459.243352051	1409.0
3.8502	459.612748823	1413.0
3.8605	459.984277924	1347.0
3.8707	460.350731073	1407.0
3.881	460.719299559	1380.0
3.8912	461.082832542	1375.0
3.9014	461.444921246	1354.0
3.9117	461.809100093	1297.0
3.9219	462.16830341	1357.0
3.9322	462.529580214	1363.0
3.9424	462.885921137	1350.0
3.9526	463.240846353	1343.0
3.9629	463.597820362	1372.0
3.9731	463.949917275	1343.0
3.9834	464.304046654	1423.0
3.9936	464.653337803	1283.0
4.0038	465.001241253	1343.0
4.0141	465.351152963	1293.0
4.0243	465.696284064	1310.0
4.0346	466.043407422	1408.0
4.0448	466.385788267	1403.0
4.055	466.726808869	1290.0
4.0653	467.069797998	1328.0
4.0755	467.408101098	1327.0
4.0858	467.748357039	1361.0
4.096	468.083964294	1402.0
4.1062	468.418238215	1441.0
4.1165	468.754441718	1407.0
4.1267	469.086051901	1347.0
4.137	469.41957629	1361.0
4.1472	469.748543961	1358.0
4.1574	470.076204676	1368.0
4.1677	470.4057568	1406.0
4.1779	470.730806476	1335.0
4.1882	471.057732488	1476.0
4.1984	471.380191931	1385.0
4.2086	471.701370276	1386.0
4.2189	472.024402609	1424.0
4.2291	472.34302157	1341.0
4.2394	472.663479746	1348.0
4.2496	472.979559719	1358.0
4.2598	473.294383938	1340.0
4.2701	473.611025468	1328.0
4.2803	473.923340938	1402.0
4.2906	474.237459237	1380.0
4.3008	474.547285949	1343.0
4.311	474.855881752	1380.0
4.3213	475.166258911	1321.0
4.3315	475.472395598	1345.0
4.3418	475.780299446	1311.0
4.352	476.083996611	1386.0
4.3622	476.386487219	1337.0
4.3725	476.690723942	1342.0
4.3827	476.990804084	1281.0
4.393	477.292616426	1304.0
4.4032	477.590305311	1345.0
4.4134	477.886811507	1303.0
4.4237	478.185029274	1302.0
4.4339	478.479172693	1259.0
4.4442	478.775014044	1336.0
4.4544	479.066813513	1270.0
4.4646	479.357453694	1290.0
4.4749	479.649771583	1297.0
4.4851	479.93809573	1266.0
4.4954	480.228084217	1323.0
4.5056	480.514110787	1232.0
4.5158	480.799001002	1253.0
4.5261	481.085535735	1247.0
4.5363	481.368155738	1202.0
4.5466	481.652407153	1304.0
4.5568	481.932775033	1215.0
4.567	482.21202904	1291.0
4.5773	482.49289503	1205.0
4.5875	482.769923737	1200.0
4.5978	483.048551582	1262.0
4.608	483.323372722	1224.0
4.6182	483.597102026	1269.0
4.6285	483.872411422	1239.0
4.6387	484.143959451	1181.0
4.649	484.417074981	1245.0
4.6592	484.686459118	1206.0
4.6694	484.954773018	1236.0
4.6797	485.224635751	1182.0
4.6899	485.49081153	1149.0
4.7002	485.758523799	1173.0
4.7104	486.022578497	1164.0
4.7206	486.285584131	1157.0
4.7309	486.550107955	1138.0
4.7411	486.811017769	1168.0
4.7514	487.073433675	1135.0
4.7616	487.332264369	1116.0
4.7718	487.590066755	1129.0
4.7821	487.849357295	1095.0
4.7923	488.105105324	1162.0
4.8026	488.362329648	1167.0
4.8128	488.61603969	1126.0
4.823	488.868741767	1166.0
4.8333	489.122902558	1140.0
4.8435	489.373590921	1158.0
4.8538	489.625726372	1204.0
4.864	489.874417068	1164.0
4.8742	490.12211974	1113.0
4.8845	490.371252267	1123.0
4.8947	490.616981064	1155.0
4.905	490.86412832	1156.0
4.9152	491.107898971	1039.0
4.9254	491.350701146	1135.0
4.9357	491.594904886	1107.0
4.9459	491.835772236	1093.0
4.9562	492.078029983	1121.0
4.9664	492.316977926	1102.0
4.9766	492.554976553	1176.0
4.9869	492.794349018	1090.0
4.9971	493.030451098	1152.0
5.0074	493.267916068	1096.0
5.0176	493.502136715	1196.0
5.0278	493.735426827	1149.0
5.0381	493.970063597	1157.0
5.0483	494.201494684	1093.0
5.0586	494.434261696	1078.0
5.0688	494.663848571	1136.0
5.079	494.89252332	1149.0
5.0893	495.122518085	1155.0
5.0995	495.349370587	1131.0
5.1098	495.577532586	1180.0
5.12	495.802577362	1080.0
5.1302	496.026728058	1142.0
5.1405	496.252172655	1122.0
5.1507	496.474537154	1157.0
5.161	496.698185244	1208.0
5.1712	496.918777781	1121.0
5.1814	497.138493926	1156.0
5.1917	497.359478374	1132.0
5.2019	497.577443661	1189.0
5.2122	497.796667143	1120.0
5.2224	498.012895524	1170.0
5.2326	498.228264851	1140.0
5.2429	498.444877389	1148.0
5.2531	498.658530496	1119.0
5.2634	498.873416907	1167.0
5.2736	499.08536747	1133.0
5.2838	499.296475975	1156.0
5.2941	499.508803096	1073.0
5.3043	499.718229334	1150.0
5.3146	499.928864478	1151.0
5.3248	500.136621855	1108.0
5.335	500.343553834	1081.0
5.3453	500.551680319	1089.0
5.3555	500.756963313	1087.0
5.3658	500.963431294	1131.0
5.376	501.167078443	1104.0
5.3862	501.369916523	1136.0
5.3965	501.573925477	1096.0
5.4067	501.775147195	1039.0
5.417	501.977530457	1103.0
5.4272	502.177148694	1061.0
5.4374	502.375973867	1066.0
5.4477	502.575946751	1040.0
5.4579	502.773187541	1070.0
5.4682	502.971566895	1046.0
5.4784	503.167235926	1038.0
5.4886	503.362127583	1025.0
5.4989	503.558144245	1023.0
5.5091	503.751482864	1011.0
5.5194	503.945937523	1016.0
5.5296	504.137735478	1032.0
5.5398	504.32877144	1003.0
5.5501	504.52091015	969.0
5.5603	504.710423798	969.0
5.5706	504.901031406	972.0
5.5808	505.089034871	937.0
5.591	505.276291417	913.0
5.6013	505.464628895	899.0
5.6115	505.650393244	897.0
5.6218	505.837229911	879.0
5.632	506.021513955	868.0
5.6422	506.205065857	888.0
5.6525	506.389677305	865.0
5.6627	506.571766532	864.0
5.673	506.754906861	826.0
5.6832	506.935545068	856.0
5.6934	507.115465617	822.0
5.7037	507.296424751	786.0
5.7139	507.474911562	760.0
5.7242	507.654428682	757.0
5.7344	507.83149318	770.0
5.7446	508.007854219	683.0
5.7549	508.185233295	763.0
5.7651	508.360188961	705.0
5.7754	508.536154551	654.0
5.7856	508.709716042	640.0
5.7958	508.882587991	684.0
5.8061	509.056457837	638.0
5.8163	509.227952216	590.0
5.8266	509.40043654	576.0
5.8368	509.570564327	581.0
5.847	509.740016213	578.0
5.8573	509.910446254	618.0
5.8675	510.078547824	588.0
5.8778	510.247619754	528.0
5.888	510.414381769	532.0
5.8982	510.580481254	538.0
5.9085	510.747539543	551.0
5.9187	510.912315427	491.0
5.929	511.078042473	466.0
5.9392	511.241505303	470.0
5.9494	511.404318711	434.0
5.9597	511.568071953	418.0
5.9699	511.729587946	417.0
5.9802	511.892036282	468.0
5.9904	512.052265198	396.0
6.0006	512.211857539	394.0
6.0109	512.372371122	382.0
6.0211	512.530691715	374.0
6.0314	512.689926208	360.0
6.0416	512.846985188	331.0
6.0518	513.003420188	331.0
6.0621	513.160758204	327.0
6.0723	513.315946616	304.0
6.0826	513.472030847	315.0
6.0928	513.625982604	271.0
6.103	513.779322727	281.0
6.1133	513.933548	264.0
6.1235	514.085666197	261.0
6.1338	514.23866249	245.0
6.144	514.389568499	271.0
6.1542	514.539874973	286.0
6.1645	514.691049085	216.0
6.1747	514.840157807	262.0
6.185	514.990127254	212.0
6.1952	515.138047769	202.0
6.2054	515.285380611	223.0
6.2157	515.433563927	200.0
6.2259	515.579722713	204.0
6.2362	515.726725196	201.0
6.2464	515.871719282	187.0
6.2566	516.016137322	184.0
6.2669	516.16138901	204.0
6.2771	516.304656221	166.0
6.2874	516.448750437	141.0
6.2976	516.590875992	148.0
6.3078	516.732436895	158.0
6.3181	516.874814954	139.0
6.3283	517.015247797	145.0
6.3386	517.156491283	127.0
6.3488	517.295805055	126.0
6.359	517.434565347	125.0
6.3693	517.574126628	111.0
6.3795	517.711781177	121.0
6.3898	517.850230331	124.0
6.4	517.986787949	117.0
6.4102	518.122803036	104.0
6.4205	518.259603266	79.0
6.4307	518.394534486	85.0
6.441	518.530244591	89.0
6.4512	518.664100581	91.0
6.4614	518.797424775	82.0
6.4717	518.931518577	83.0
6.4819	519.063780346	91.0
6.4922	519.196805591	71.0
6.5024	519.328013402	81.0
6.5126	519.458699938	63.0
6.5229	519.590140857	63.0
6.5331	519.719785987	63.0
6.5434	519.850179488	60.0
6.5536	519.978791511	65.0
6.5638	520.106892572	54.0
6.5741	520.23573309	43.0
6.5843	520.362813348	43.0
6.5946	520.490627172	55.0
6.6048	520.616694762	35.0
6.615	520.742261497	52.0
6.6253	520.868553062	42.0
6.6355	520.993119191	31.0
6.6458	521.118404373	38.0
6.656	521.241977867	33.0
6.6662	521.365060417	26.0
6.6765	521.488853456	44.0
6.6867	521.610955195	29.0
6.697	521.73376176	44.0
6.7072	521.854890503	28.0
6.7174	521.975538014	34.0
6.7277	522.096881957	20.0
6.7379	522.21656806	26.0
6.7482	522.336945046	23.0
6.7584	522.455677403	18.0
6.7686	522.573938049	26.0
6.7789	522.692881349	32.0
6.7891	522.810199607	23.0
6.7994	522.92819508	17.0
6.8096	523.044578461	25.0
6.8198	523.160499462	31.0
6.8301	523.277089613	31.0
6.8403	523.392086871	33.0
6.8506	523.507747947	29.0
6.8608	523.621828823	27.0
6.871	523.735456468	25.0
6.8813	523.849740023	27.0
6.8915	523.9624622	20.0
6.9018	524.075835061	27.0
6.912	524.187658985	19.0
6.9222	524.299038644	16.0
6.9325	524.411061237	16.0
6.9427	524.521553342	21.0
6.953	524.632683258	13.0
6.9632	524.742294881	14.0
6.9734	524.851471028	25.0
6.9837	524.96127739	26.0
6.9939	525.069583542	11.0
7.0042	525.178514887	16.0
7.0144	525.285957976	16.0
7.0246	525.392974205	17.0
7.0349	525.500608181	17.0
7.0451	525.606771627	17.0
7.0554	525.713547897	11.0
7.0656	525.818865355	17.0
7.0758	525.923764397	10.0
7.0861	526.029268965	15.0
7.0963	526.133332095	14.0
7.1066	526.237995925	17.0
7.1168	526.341229805	14.0
7.127	526.444053546	19.0
7.1373	526.547470834	9.0
7.1475	526.649475201	9.0
7.1578	526.752068384	11.0
7.168	526.853259906	10.0
7.1782	526.954049404	9.0
7.1885	527.055420705	12.0
7.1987	527.155407039	10.0
7.209	527.25597054	19.0
7.2192	527.35516011	10.0
7.2294	527.45395561	6.0
7.2397	527.553321403	12.0
7.2499	527.651329628	10.0
7.2602	527.749903602	18.0
7.2704	527.847130826	5.0
7.2806	527.943971776	7.0
7.2909	528.041371737	11.0
7.3011	528.137440988	15.0
7.3114	528.234064795	9.0
7.3216	528.329368496	9.0
7.3318	528.424293565	13.0
7.3421	528.519766585	10.0
7.3523	528.613935222	6.0
7.3626	528.708647444	8.0
7.3728	528.802065676	7.0
7.383	528.895112768	8.0
7.3933	528.98869697	7.0
7.4035	529.081002594	16.0
7.4138	529.173841049	4.0
7.424	529.265411115	7.0
7.4342	529.356617382	12.0
7.4445	529.448350134	9.0
7.4547	529.538829603	9.0
7.465	529.629831361	9.0
7.4752	529.719589824	7.0
7.4854	529.808991685	10.0
7.4957	529.898909616	11.0
7.5059	529.987599058	2.0
7.5162	530.076800456	7.0
7.5264	530.164783156	9.0
7.5366	530.25241631	5.0
7.5469	530.340555323	10.0
7.5571	530.427490152	9.0
7.5674	530.514926808	3.0
7.5776	530.601168877	4.0
7.5878	530.687068315	5.0
7.5981	530.773463603	5.0
7.6083	530.858678532	3.0
7.6186	530.94438536	9.0
7.6288	531.028921234	10.0
7.639	531.113121255	2.0
7.6493	531.197807317	12.0
7.6595	531.281336371	7.0
7.6698	531.365347593	9.0
7.68	531.448211027	7.0
7.6902	531.530745253	6.0
7.7005	531.613755904	8.0
7.7107	531.695632436	5.0
7.721	531.777981598	3.0
7.7312	531.859205679	7.0
7.7414	531.940107065	4.0
7.7517	532.02147545	6.0
7.7619	532.101732155	8.0
7.7722	532.182452138	8.0
7.7824	532.262069298	9.0
7.7926	532.341370148	7.0
7.8029	532.421128759	7.0
7.8131	532.499797681	8.0
7.8234	532.578920717	2.0
7.8336	532.656962748	9.0
7.8438	532.734694726	5.0
7.8541	532.812875409	8.0
7.8643	532.889987962	7.0
7.8746	532.967545645	8.0
7.8848	533.044043709	3.0
7.895	533.120237853	4.0
7.9053	533.196871826	7.0
7.9155	533.272458801	4.0
7.9258	533.348482098	7.0
7.936	533.42346674	6.0
7.9462	533.498153476	4.0
7.9565	533.573271338	6.0
7.9667	533.647362916	7.0
7.977	533.721882184	10.0
7.9872	533.795383346	6.0
7.9974	533.868592495	2.0
8.0077	533.942224241	6.0
8.0179	534.014850006	9.0
8.0282	534.087895001	4.0
8.0384	534.159942031	3.0
8.0486	534.231702825	4.0
8.0589	534.303877856	9.0
8.0691	534.375066809	4.0
8.0794	534.446666696	5.0
8.0896	534.517288363	7.0
8.0998	534.587629457	12.0
8.1101	534.658376592	7.0
8.1203	534.728157157	9.0
8.1306	534.798340528	12.0
8.1408	534.86756503	10.0
8.151	534.936514511	5.0
8.1613	535.005862	5.0
8.1715	535.07426204	3.0
8.1818	535.143056918	3.0
8.192	535.210911897	5.0
8.2022	535.278497296	10.0
8.2125	535.346472828	6.0
8.2227	535.413519657	7.0
8.233	535.480953511	9.0
8.2432	535.547466061	6.0
8.2534	535.613714364	7.0
8.2637	535.680345083	5.0
8.2739	535.746065471	5.0
8.2842	535.812165228	4.0
8.2944	535.877361908	3.0
8.3046	535.942299569	9.0
8.3149	536.007612079	6.0
8.3251	536.072032269	6.0
8.3354	536.136824322	3.0
8.3456	536.200731165	7.0
8.3558	536.264384112	7.0
8.3661	536.328404493	4.0
8.3763	536.391550208	5.0
8.3866	536.455060428	9.0
8.3968	536.517702951	5.0
8.407	536.580096602	5.0
8.4173	536.642850418	8.0
8.4275	536.70474687	8.0
8.4378	536.767000618	3.0
8.448	536.828403834	4.0
8.4582	536.889563102	5.0
8.4685	536.951075409	7.0
8.4787	537.011747315	7.0
8.489	537.072769448	6.0
8.4992	537.132957876	5.0
8.5094	537.192907182	8.0
8.5197	537.253202542	3.0
8.5299	537.312674128	4.0
8.5402	537.372489011	2.0
8.5504	537.431486684	1.0
8.5606	537.490249965	3.0
8.5709	537.549352455	3.0
8.5811	537.607647467	6.0
8.5914	537.666278985	2.0
8.6016	537.724109461	7.0
8.6118	537.781710181	3.0
8.6221	537.8396434	4.0
8.6323	537.896785116	4.0
8.6426	537.95425668	4.0
8.6528	538.010943049	3.0
8.663	538.067404209	3.0
8.6733	538.124191289	6.0
8.6835	538.180202526	2.0
8.6938	538.236537085	5.0
8.704	538.292101982	6.0
8.7142	538.347446127	4.0
8.7245	538.403109743	4.0
8.7347	538.458012864	3.0
8.745	538.513232912	6.0
8.7552	538.567698526	1.0
8.7654	538.621947753	2.0
8.7757	538.676510132	7.0
8.7859	538.730327062	5.0
8.7962	538.784454648	9.0
8.8064	538.837842725	10.0
8.8166	538.891018697	7.0
8.8269	538.944501625	5.0
8.8371	538.997253852	4.0
8.8474	539.050310589	5.0
8.8576	539.102642447	2.0
8.8678	539.154766397	8.0
8.8781	539.20719123	3.0
8.8883	539.258899818	4.0
8.8986	539.310906892	3.0
8.9088	539.362203428	6.0
8.919	539.413296168	4.0
8.9293	539.464683839	1.0
8.9395	539.515369435	3.0
8.9498	539.566347612	4.0
8.96	539.616629308	6.0
8.9702	539.66671124	3.0
8.9805	539.717082268	4.0
8.9907	539.766765111	5.0
9.001	539.816734746	3.0
9.0112	539.866021679	4.0
9.0214	539.915112801	7.0
9.0317	539.964487299	5.0
9.0419	540.013187227	2.0
9.0522	540.062168273	5.0
9.0624	540.110480124	9.0
9.0726	540.158600038	7.0
9.0829	540.206997721	7.0
9.0931	540.25473418	9.0
9.1034	540.302746195	3.0
9.1136	540.350102255	7.0
9.1238	540.397270174	10.0
9.1341	540.444710367	6.0
9.1443	540.491502418	3.0
9.1546	540.538564574	7.0
9.1648	540.584983751	3.0
9.175	540.63121851	5.0
9.1853	540.677720156	7.0
9.1955	540.723586483	11.0
9.2058	540.769717571	3.0
9.216	540.815218401	2.0
9.2262	540.86053846	7.0
9.2365	540.906120128	0.0
9.2467	540.951079045	4.0
9.257	540.996297485	3.0
9.2672	541.040898136	4.0
9.2774	541.085321593	4.0
9.2877	541.130001483	9.0
9.2979	541.174070942	6.0
9.3082	541.21839479	3.0
9.3184	541.262113071	3.0
9.3286	541.305657664	4.0
9.3389	541.349453616	4.0
9.3491	541.392651214	1.0
9.3594	541.436098168	3.0
9.3696	541.478951536	3.0
9.3798	541.521634651	2.0
9.3901	541.564564154	4.0
9.4003	541.606907139	2.0
9.4106	541.649494548	6.0
9.4208	541.691500114	4.0
9.431	541.733338795	0.0
9.4413	541.775418989	3.0
9.4515	541.81692427	6.0
9.4618	541.858669138	2.0
9.472	541.899843675	6.0
9.4822	541.940854629	7.0
9.4925	541.982102317	3.0
9.5027	542.022786466	1.0
9.513	542.063705463	0.0
9.5232	542.10406541	2.0
9.5334	542.144265012	4.0
9.5437	542.184696665	6.0
9.5539	542.224575927	4.0
9.5642	542.264685391	5.0
9.5744	542.304246866	5.0
9.5846	542.343651168	2.0
9.5949	542.383282929	5.0
9.6051	542.422373228	1.0
9.6154	542.461689174	6.0
9.6256	542.500467974	8.0
9.6358	542.539092709	5.0
9.6461	542.577940403	6.0
9.6563	542.616257348	7.0
9.6666	542.654795476	1.0
9.6768	542.692807084	5.0
9.687	542.730667675	4.0
9.6973	542.768746815	2.0
9.7075	542.806305706	4.0
9.7178	542.844081403	5.0
9.728	542.881340997	2.0
9.7382	542.918452562	4.0
9.7485	542.955778353	2.0
9.7587	542.992594186	3.0
9.769	543.029622537	1.0
9.7792	543.066144995	1.0
9.7894	543.102522353	1.0
9.7997	543.139109698	6.0
9.8099	543.175197174	1.0
9.8202	543.211492964	5.0
9.8304	543.247292869	3.0
9.8406	543.282950545	3.0
9.8509	543.318814053	3.0
9.8611	543.354187583	1.0
9.8714	543.389765304	1.0
9.8816	543.424856952	6.0
9.8918	543.459809183	4.0
9.9021	543.494963176	1.0
9.9123	543.529636883	1.0
9.9226	543.564510742	7.0
9.9328	543.598908143	6.0
9.943	543.633168888	3.0
9.9533	543.667627401	1.0
9.9635	543.70161513	4.0
9.9738	543.735799052	5.0
9.984	543.769515943	4.0
9.9942	543.80309888	7.0
10.0045	543.836875672	1.0
10.0147	543.870190996	0.0
10.025	543.903698631	1.0
10.0352	543.936748473	4.0
10.0454	543.969667012	4.0
10.0557	544.002775572	6.0
10.0659	544.035431792	3.0
10.0762	544.068276519	8.0
10.0864	544.10067251	5.0
10.0966	544.132939796	2.0
10.1069	544.165393343	7.0
10.1171	544.197403499	3.0
10.1274	544.229598432	3.0
10.1376	544.261353508	0.0
10.1478	544.292982424	4.0
10.1581	544.324793917	7.0
10.1683	544.356170791	7.0
10.1786	544.387728787	1.0
10.1888	544.418855627	4.0
10.199	544.449858803	4.0
10.2093	544.481040944	1.0
10.2195	544.511797065	2.0
10.2298	544.542730723	3.0
10.24	544.573241757	8.0
10.2502	544.603631573	5.0
10.2605	544.634196813	5.0
10.2707	544.66434446	4.0
10.281	544.694666134	5.0
10.2912	544.724573543	5.0
10.3014	544.754362134	4.0
10.3117	544.784322677	7.0
10.3219	544.81387389	4.0
10.3322	544.843595686	2.0
10.3424	544.872911414	9.0
10.3526	544.902110673	3.0
10.3629	544.931478483	2.0
10.3731	544.960445061	4.0
10.3834	544.989578848	4.0
10.3936	545.018314599	4.0
10.4038	545.046936186	10.0
10.4141	545.07572299	4.0
10.4243	545.104116499	2.0
10.4346	545.132673908	3.0
10.4448	545.160841157	3.0
10.455	545.188896501	4.0
10.4653	545.217113793	2.0
10.4755	545.244945571	5.0
10.4858	545.272938006	3.0
10.496	545.300548001	3.0
10.5062	545.328048303	1.0
10.5165	545.35570735	0.0
10.5267	545.38298851	2.0
10.537	545.410427149	4.0
10.5472	545.437490913	4.0
10.5574	545.464447155	1.0
10.5677	545.491559001	2.0
10.5779	545.518300436	5.0
10.5882	545.545196235	3.0
10.5984	545.571724575	4.0
10.6086	545.59814752	8.0
10.6189	545.624722991	2.0
10.6291	545.650935379	2.0
10.6394	545.677299077	3.0
10.6496	545.703302586	4.0
10.6598	545.729202786	3.0
10.6701	545.755252493	0.0
10.6803	545.780946301	2.0
10.6906	545.806788425	2.0
10.7008	545.832277486	6.0
10.711	545.857665281	4.0
10.7213	545.883199626	1.0
10.7315	545.908385113	3.0
10.7418	545.933715982	4.0
10.752	545.958700773	4.0
10.7622	545.983586301	4.0
10.7725	546.00861548	4.0
10.7827	546.033302703	5.0
10.793	546.058132431	1.0
10.8032	546.082622928	2.0
10.8134	546.107016126	2.0
10.8237	546.131550133	5.0
10.8339	546.155748949	4.0
10.8442	546.180087451	3.0
10.8544	546.204093433	4.0
10.8646	546.228004042	1.0
10.8749	546.252052673	3.0
10.8851	546.275772744	3.0
10.8954	546.299629739	3.0
10.9056	546.323160791	5.0
10.9158	546.346598357	5.0
10.9261	546.370171215	1.0
10.9363	546.393422014	9.0
10.9466	546.416807026	7.0
10.9568	546.439872545	1.0
10.967	546.462846428	3.0
10.9773	546.485952925	4.0
10.9875	546.508743735	3.0
10.9978	546.531666103	5.0
11.008	546.554275299	1.0
11.0182	546.57679467	2.0
11.0285	546.599444034	2.0
11.0387	546.621783955	6.0
11.049	546.644252832	2.0
11.0592	546.666414732	3.0
11.0694	546.688488585	1.0
11.0797	546.710689859	5.0
11.0899	546.732587811	1.0
11.1002	546.754612169	4.0
11.1104	546.776335622	4.0
11.1206	546.797972771	3.0
11.1309	546.819734819	6.0
11.1411	546.841199547	1.0
11.1514	546.862788179	0.0
11.1616	546.88408186	2.0
11.1718	546.905290944	3.0
11.1821	546.926622456	2.0
11.1923	546.947662531	4.0
11.2026	546.968824058	5.0
11.2128	546.98969647	2.0
11.223	547.010485957	3.0
11.2333	547.031395451	1.0
11.2435	547.052019273	2.0
11.2538	547.072762145	2.0
11.264	547.093221621	1.0
11.2742	547.113599814	3.0
11.2845	547.134095639	2.0
11.2947	547.154311444	5.0
11.305	547.174643943	6.0
11.3152	547.194698653	6.0
11.3254	547.214673688	1.0
11.3357	547.234764028	1.0
11.3459	547.254579887	3.0
11.3562	547.274510133	4.0
11.3664	547.294168085	4.0
11.3766	547.313747937	4.0
11.3869	547.333440814	5.0
11.3971	547.352864641	1.0
11.4074	547.37240059	5.0
11.4176	547.391669634	2.0
11.4278	547.410862123	3.0
11.4381	547.4301654	2.0
11.4483	547.449204949	1.0
11.4586	547.468354404	3.0
11.4688	547.487242232	1.0
11.479	547.506055021	2.0
11.4893	547.524976406	1.0
11.4995	547.543639281	2.0
11.5098	547.562409887	1.0
11.52	547.580924043	3.0
11.5302	547.599364643	2.0
11.5405	547.617911692	4.0
11.5507	547.636205344	2.0
11.561	547.654604596	4.0
11.5712	547.672752472	4.0
11.5814	547.690828247	0.0
11.5917	547.709008365	6.0
11.6019	547.7269401	2.0
11.6122	547.744975345	4.0
11.6224	547.762764186	5.0
11.6326	547.780482355	2.0
11.6429	547.7983028	8.0
11.6531	547.815879778	1.0
11.6634	547.833558217	4.0
11.6736	547.850995128	2.0
11.6838	547.868362764	1.0
11.6941	547.885830654	3.0
11.7043	547.903059891	6.0
11.7146	547.920388584	3.0
11.7248	547.937480527	1.0
11.735	547.954504565	2.0
11.7453	547.971626874	5.0
11.7555	547.988515252	2.0
11.7658	548.005501118	3.0
11.776	548.022254917	3.0
11.7862	548.038942155	2.0
11.7965	548.05572572	7.0
11.8067	548.072279982	4.0
11.817	548.088929803	6.0
11.8272	548.105352148	4.0
11.8374	548.12170925	3.0
11.8477	548.138160772	2.0
11.8579	548.154387528	0.0
11.8682	548.170707952	4.0
11.8784	548.186805401	4.0
11.8886	548.202838897	4.0
11.8989	548.218964946	5.0
11.9091	548.234870675	1.0
11.9194	548.250868219	1.0
11.9296	548.2666472	5.0
11.9398	548.282363493	2.0
11.9501	548.298170507	6.0
11.9603	548.31376156	4.0
11.9706	548.329442613	1.0
11.9808	548.344909426	5.0
11.991	548.36031479	1.0
12.0013	548.375809082	1.0
12.0115	548.391091685	2.0
12.0218	548.406462507	1.0
12.032	548.421623327	2.0
12.0422	548.436723916	3.0
12.0525	548.451911671	1.0
12.0627	548.466891927	2.0
12.073	548.481958655	1.0
12.0832	548.496819538	2.0
12.0934	548.511621379	1.0
12.1037	548.526508663	0.0
12.1139	548.541192552	3.0
12.1242	548.555961204	1.0
[END DATA]
