TL-DOS Lehrstuhlversuch
detector=R1407305
job_number=2015-10-27-008
irradiation_dose [mSv]=0.4

[BEGIN DATA]
time [sec] 	 temperature [K] 	 photoncount 
0.0	171.032301695	0.0
0.0102	172.414168909	0.0
0.0205	173.80456024	2.0
0.0307	175.176495682	3.0
0.041	176.556893977	1.0
0.0512	177.918969029	0.0
0.0614	179.27616437	0.0
0.0717	180.64173164	1.0
0.0819	181.989172531	0.0
0.0922	183.344925181	0.0
0.1024	184.68268173	1.0
0.1126	186.015645691	0.0
0.1229	187.356832108	0.0
0.1331	188.680215775	0.0
0.1434	190.011762803	0.0
0.1536	191.325635032	0.0
0.1638	192.63480024	1.0
0.1741	193.952041101	2.0
0.1843	195.251797062	3.0
0.1946	196.559570634	1.0
0.2048	197.849984974	0.0
0.215	199.135776333	0.0
0.2253	200.429499161	1.0
0.2355	201.706049265	0.0
0.2458	202.990473834	0.0
0.256	204.257849103	0.0
0.2662	205.520683929	0.0
0.2765	206.791308616	0.0
0.2867	208.045067181	0.0
0.297	209.30655962	1.0
0.3072	210.551307157	0.0
0.3174	211.791595316	0.0
0.3277	213.039534257	0.0
0.3379	214.270908203	0.0
0.3482	215.509877942	0.0
0.3584	216.732401744	0.0
0.3686	217.950545785	0.0
0.3789	219.17620401	0.0
0.3891	220.385592993	0.0
0.3994	221.602442153	0.0
0.4096	222.803139001	0.0
0.4198	223.999534286	0.0
0.4301	225.203309596	0.0
0.4403	226.391106135	0.0
0.4506	227.586229657	0.0
0.4608	228.765489251	0.0
0.471	229.940524081	0.0
0.4813	231.122807174	0.0
0.4915	232.289396781	0.0
0.5018	233.463182555	0.0
0.512	234.621387635	0.0
0.5222	235.775443381	0.0
0.5325	236.936617979	0.0
0.5427	238.082379282	0.0
0.553	239.235208273	0.0
0.5632	240.372734747	0.0
0.5734	241.506185969	0.0
0.5837	242.646628944	0.0
0.5939	243.771933812	0.0
0.6042	244.904180182	0.0
0.6144	246.021397246	0.0
0.6246	247.134611818	0.0
0.6349	248.254693311	0.0
0.6451	249.359906975	0.0
0.6554	250.471938205	0.0
0.6656	251.569208465	0.0
0.6758	252.662547692	0.0
0.6861	253.762631238	0.0
0.6963	254.848112405	1.0
0.7066	255.940289418	0.0
0.7168	257.017969002	0.0
0.727	258.091787739	0.0
0.7373	259.172230382	0.0
0.7475	260.238331356	0.0
0.7578	261.311008629	0.0
0.768	262.369447311	0.0
0.7782	263.424094076	0.0
0.7885	264.485246484	0.0
0.7987	265.532313281	0.0
0.809	266.585838962	0.0
0.8192	267.625380268	0.0
0.8294	268.661197359	0.0
0.8397	269.703403941	0.0
0.8499	270.731776395	1.0
0.8602	271.766492418	0.0
0.8704	272.787473742	1.0
0.8806	273.804797343	0.0
0.8909	274.828396358	0.0
0.9011	275.838408239	3.0
0.9114	276.854650431	0.0
0.9216	277.857403144	0.0
0.9318	278.856563439	0.0
0.9421	279.861887105	0.0
0.9523	280.853866224	0.0
0.9626	281.851964417	0.0
0.9728	282.836813972	0.0
0.983	283.818135248	0.0
0.9933	284.805509855	0.0
1.0035	285.779778168	1.0
1.0138	286.760056305	0.0
1.024	287.727322346	1.0
1.0342	288.691123102	0.0
1.0445	289.660869112	0.0
1.0547	290.617742828	0.0
1.065	291.580519069	0.0
1.0752	292.530515531	0.0
1.0854	293.477108578	0.0
1.0957	294.429540732	1.0
1.1059	295.369330415	1.0
1.1162	296.314917238	0.0
1.1264	297.247952453	0.0
1.1366	298.177645018	0.0
1.1469	299.113072438	0.0
1.1571	300.036083106	0.0
1.1674	300.964787412	0.0
1.1776	301.881164206	0.0
1.1878	302.79425803	0.0
1.1981	303.712984319	0.0
1.2083	304.619515544	1.0
1.2186	305.531638754	0.0
1.2288	306.431654547	0.0
1.239	307.328445984	0.0
1.2493	308.230769324	0.0
1.2595	309.121115331	0.0
1.2698	310.016953483	0.0
1.28	310.900900385	0.0
1.2902	311.781680497	0.0
1.3005	312.667893747	0.0
1.3107	313.542343507	1.0
1.321	314.422187355	0.0
1.3312	315.290352259	0.0
1.3414	316.155406914	0.0
1.3517	317.025797703	0.0
1.3619	317.884635028	1.0
1.3722	318.748770134	1.0
1.3824	319.601434813	0.0
1.3926	320.451044773	0.0
1.4029	321.305895596	2.0
1.4131	322.149399229	0.0
1.4234	322.998106058	0.0
1.4336	323.835547253	0.0
1.4438	324.669988268	1.0
1.4541	325.509576574	0.0
1.4643	326.338020285	0.0
1.4746	327.171574293	0.0
1.4848	327.994063804	0.0
1.495	328.8136067	0.0
1.5053	329.638204988	0.0
1.5155	330.451857656	1.0
1.5258	331.270529381	2.0
1.536	332.078334156	0.0
1.5462	332.883244924	0.0
1.5565	333.693120825	1.0
1.5667	334.49224653	0.0
1.577	335.296301682	0.0
1.5872	336.089683901	1.0
1.5974	336.880223783	1.0
1.6077	337.675640152	0.0
1.6179	338.460498257	2.0
1.6282	339.2501978	4.0
1.6384	340.029414965	0.0
1.6486	340.80584054	1.0
1.6589	341.587055536	1.0
1.6691	342.357900776	2.0
1.6794	343.133501015	0.0
1.6896	343.898806028	0.0
1.6998	344.661369293	0.0
1.7101	345.428636468	0.0
1.7203	346.185719029	6.0
1.7306	346.947471693	1.0
1.7408	347.699112942	1.0
1.751	348.448061394	2.0
1.7613	349.201629773	2.0
1.7715	349.945195374	0.0
1.7818	350.693347697	3.0
1.792	351.431569135	1.0
1.8022	352.167145854	2.0
1.8125	352.907260015	7.0
1.8227	353.637549987	3.0
1.833	354.372344792	3.0
1.8432	355.097386016	3.0
1.8534	355.81982974	4.0
1.8637	356.546729894	4.0
1.8739	357.263981262	5.0
1.8842	357.985657032	6.0
1.8944	358.697753363	4.0
1.9046	359.407298569	3.0
1.9149	360.12122064	4.0
1.9251	360.825666194	2.0
1.9354	361.534457157	7.0
1.9456	362.233839713	7.0
1.9558	362.930716691	4.0
1.9661	363.63189239	6.0
1.9763	364.323760766	3.0
1.9866	365.019896967	7.0
1.9968	365.706792739	12.0
2.007	366.391227668	11.0
2.0173	367.079884568	5.0
2.0275	367.759400319	10.0
2.0378	368.443107697	9.0
2.048	369.117739624	15.0
2.0582	369.789954645	13.0
2.0685	370.466316258	9.0
2.0787	371.133699927	7.0
2.089	371.805200386	9.0
2.0992	372.467787428	11.0
2.1094	373.128000714	10.0
2.1197	373.79228656	11.0
2.1299	374.447754753	9.0
2.1402	375.107266236	18.0
2.1504	375.758023442	24.0
2.1606	376.406449273	10.0
2.1709	377.058874952	23.0
2.1811	377.70264041	16.0
2.1914	378.350376967	19.0
2.2016	378.989515547	26.0
2.2118	379.626364376	15.0
2.2221	380.26714164	25.0
2.2323	380.899413302	27.0
2.2426	381.535585165	22.0
2.2528	382.163312557	26.0
2.263	382.788791081	27.0
2.2733	383.4181279	28.0
2.2835	384.039110978	21.0
2.2938	384.663924621	30.0
2.304	385.280444561	34.0
2.3142	385.894755785	25.0
2.3245	386.512856418	33.0
2.3347	387.122752457	40.0
2.345	387.736410671	43.0
2.3552	388.341923258	46.0
2.3654	388.945266562	55.0
2.3757	389.55233162	33.0
2.3859	390.151338569	44.0
2.3962	390.754040522	57.0
2.4064	391.348742281	33.0
2.4166	391.941313487	42.0
2.4269	392.537539999	48.0
2.4371	393.125852271	37.0
2.4474	393.717793577	58.0
2.4576	394.301877525	55.0
2.4678	394.883868958	57.0
2.4781	395.469450436	56.0
2.4883	396.047258974	71.0
2.4986	396.628631754	66.0
2.5088	397.20228746	67.0
2.519	397.773888013	52.0
2.5293	398.349014512	69.0
2.5395	398.916506851	64.0
2.5498	399.487499795	71.0
2.56	400.050913446	54.0
2.5702	400.612308636	64.0
2.5805	401.177166821	76.0
2.5907	401.734527145	50.0
2.601	402.295325575	61.0
2.6112	402.848680033	80.0
2.6214	403.400052067	88.0
2.6317	403.954825268	69.0
2.6419	404.502234475	69.0
2.6522	405.053020403	67.0
2.6624	405.596495265	61.0
2.6726	406.138023097	84.0
2.6829	406.682891371	61.0
2.6931	407.220527128	83.0
2.7034	407.761479319	66.0
2.7136	408.295250974	61.0
2.7238	408.827110363	61.0
2.7341	409.362250553	71.0
2.7443	409.890287355	46.0
2.7546	410.42158138	56.0
2.7648	410.94582307	63.0
2.775	411.468186636	58.0
2.7853	411.993772427	55.0
2.7955	412.512381655	59.0
2.8058	413.03418995	53.0
2.816	413.549071824	55.0
2.8262	414.062109105	47.0
2.8365	414.578311082	51.0
2.8467	415.087661055	53.0
2.857	415.600152979	37.0
2.8672	416.105842147	40.0
2.8774	416.609719654	51.0
2.8877	417.116705356	45.0
2.8979	417.616961389	37.0
2.9082	418.120303277	41.0
2.9184	418.616963864	41.0
2.9286	419.111845137	44.0
2.9389	419.609779111	31.0
2.9491	420.101103567	32.0
2.9594	420.595458784	38.0
2.9696	421.083251988	45.0
2.9798	421.569297646	37.0
2.9901	422.0583415	37.0
3.0003	422.540893845	24.0
3.0106	423.026422838	24.0
3.0208	423.505506977	32.0
3.031	423.98287477	32.0
3.0413	424.463187231	29.0
3.0515	424.937124081	40.0
3.0618	425.413984434	27.0
3.072	425.884515	42.0
3.0822	426.353359863	40.0
3.0925	426.82509682	46.0
3.1027	427.290571996	41.0
3.113	427.75891848	32.0
3.1232	428.221048188	40.0
3.1334	428.68152229	39.0
3.1437	429.14483685	45.0
3.1539	429.602001428	46.0
3.1642	430.061986048	39.0
3.1744	430.515864887	41.0
3.1846	430.96811768	45.0
3.1949	431.423160217	45.0
3.2051	431.872162573	44.0
3.2154	432.323934623	31.0
3.2256	432.769709905	48.0
3.2358	433.213888171	49.0
3.2461	433.660806374	40.0
3.2563	434.101792237	51.0
3.2666	434.545498344	49.0
3.2768	434.983314749	49.0
3.287	435.419562652	58.0
3.2973	435.858501572	50.0
3.3075	436.291614069	60.0
3.3178	436.727398243	55.0
3.328	437.157397869	52.0
3.3382	437.585856997	46.0
3.3485	438.016959097	63.0
3.3587	438.442338799	57.0
3.369	438.870342477	52.0
3.3792	439.292664885	67.0
3.3894	439.7134743	81.0
3.3997	440.136879498	53.0
3.4099	440.554664466	49.0
3.4202	440.975026563	51.0
3.4304	441.389808822	69.0
3.4406	441.8031051	59.0
3.4509	442.218950818	80.0
3.4611	442.629276649	65.0
3.4714	443.042133595	74.0
3.4816	443.449510328	65.0
3.4918	443.85542761	54.0
3.5021	444.263848814	68.0
3.5123	444.666848683	62.0
3.5226	445.072334477	54.0
3.5328	445.472437901	54.0
3.543	445.871107932	63.0
3.5533	446.272237179	63.0
3.5635	446.668041884	60.0
3.5738	447.066288131	70.0
3.584	447.459248104	42.0
3.5942	447.850800276	52.0
3.6045	448.244767757	60.0
3.6147	448.633505761	47.0
3.625	449.024641714	65.0
3.6352	449.410585776	74.0
3.6454	449.795147171	67.0
3.6557	450.182080753	64.0
3.6659	450.563878224	70.0
3.6762	450.948030832	58.0
3.6864	451.327084244	59.0
3.6966	451.704779676	64.0
3.7069	452.084804942	62.0
3.7171	452.459785797	64.0
3.7274	452.83707974	54.0
3.7376	453.209365528	56.0
3.7478	453.580317582	58.0
3.7581	453.953557872	53.0
3.7683	454.321843815	61.0
3.7786	454.692401549	63.0
3.7888	455.058040543	70.0
3.799	455.422369614	64.0
3.8093	455.788946068	57.0
3.8195	456.15065663	53.0
3.8298	456.514598422	69.0
3.84	456.873709293	38.0
3.8502	457.23153363	61.0
3.8605	457.591565224	58.0
3.8707	457.946817801	56.0
3.881	458.304261772	57.0
3.8912	458.656961074	55.0
3.9014	459.008396811	44.0
3.9117	459.362000398	37.0
3.9219	459.710910292	59.0
3.9322	460.061972454	39.0
3.9424	460.408374659	51.0
3.9526	460.753535859	46.0
3.9629	461.100826203	54.0
3.9731	461.443506656	53.0
3.9834	461.788300951	53.0
3.9936	462.128518487	61.0
4.0038	462.467517175	53.0
4.0141	462.808606993	54.0
4.0243	463.145169226	48.0
4.0346	463.48380756	45.0
4.0448	463.817950849	53.0
4.055	464.15089705	50.0
4.0653	464.485897047	52.0
4.0755	464.816450294	53.0
4.0858	465.149042576	46.0
4.096	465.477220067	47.0
4.1062	465.804221843	47.0
4.1165	466.133240747	53.0
4.1267	466.457892293	49.0
4.137	466.784546468	48.0
4.1472	467.106864674	58.0
4.1574	467.428028158	40.0
4.1677	467.751172754	41.0
4.1779	468.070027968	55.0
4.1882	468.390850056	44.0
4.1984	468.70741359	62.0
4.2086	469.022843017	50.0
4.2189	469.340218187	50.0
4.2291	469.653380556	43.0
4.2394	469.968474683	46.0
4.2496	470.279386288	64.0
4.2598	470.589184035	47.0
4.2701	470.900892784	47.0
4.2803	471.208463949	42.0
4.2906	471.517932383	48.0
4.3008	471.823292968	61.0
4.311	472.127559583	54.0
4.3213	472.433703081	49.0
4.3315	472.735782867	49.0
4.3418	473.039726048	43.0
4.352	473.339634723	45.0
4.3622	473.638468958	36.0
4.3725	473.939146567	49.0
4.3827	474.235833017	41.0
4.393	474.534349593	50.0
4.4032	474.828903695	59.0
4.4134	475.12240254	48.0
4.4237	475.417711848	45.0
4.4339	475.709101255	48.0
4.4442	476.002288113	50.0
4.4544	476.291583243	69.0
4.4646	476.579841957	47.0
4.4749	476.869878809	56.0
4.4851	477.156065747	40.0
4.4954	477.444018043	45.0
4.5056	477.728148095	45.0
4.5158	478.011260234	53.0
4.5261	478.296118766	44.0
4.5363	478.577196119	53.0
4.5466	478.860007312	44.0
4.5568	479.139064502	49.0
4.567	479.417121955	46.0
4.5773	479.696894619	33.0
4.5875	479.972953614	38.0
4.5978	480.250715493	55.0
4.608	480.524790393	49.0
4.6182	480.797883405	40.0
4.6285	481.072661005	38.0
4.6387	481.34379124	33.0
4.649	481.616593955	46.0
4.6592	481.885775519	53.0
4.6694	482.153992725	33.0
4.6797	482.423864443	49.0
4.6899	482.690153916	45.0
4.7002	482.958086008	49.0
4.7104	483.222461602	30.0
4.7206	483.485890055	43.0
4.7309	483.750943481	48.0
4.7411	484.012478618	48.0
4.7514	484.275627048	39.0
4.7616	484.535282477	41.0
4.7718	484.794007676	45.0
4.7821	485.054328835	39.0
4.7923	485.311194521	48.0
4.8026	485.569644697	47.0
4.8128	485.824664235	29.0
4.823	486.078770151	51.0
4.8333	486.334443533	36.0
4.8435	486.586723137	30.0
4.8538	486.84055894	39.0
4.864	487.091025356	24.0
4.8742	487.340594463	39.0
4.8845	487.59170305	44.0
4.8947	487.83947845	31.0
4.905	488.088782267	34.0
4.9152	488.334776853	44.0
4.9254	488.57989015	34.0
4.9357	488.826515441	32.0
4.9459	489.069867058	41.0
4.9562	489.314719801	33.0
4.9664	489.556322397	52.0
4.9766	489.797059439	45.0
4.9869	490.03928148	41.0
4.9971	490.278288293	34.0
5.0074	490.518769433	41.0
5.0176	490.756058454	36.0
5.0278	490.992497374	32.0
5.0381	491.23039478	43.0
5.0483	491.465134363	39.0
5.0586	491.70132195	24.0
5.0688	491.934374411	40.0
5.079	492.166591948	39.0
5.0893	492.40024193	39.0
5.0995	492.630790471	43.0
5.1098	492.862761162	29.0
5.12	493.091652701	42.0
5.1302	493.319724224	41.0
5.1405	493.549202618	31.0
5.1507	493.775634942	34.0
5.161	494.003464026	29.0
5.1712	494.228268933	49.0
5.1814	494.452268464	31.0
5.1917	494.677649748	29.0
5.2019	494.900039347	33.0
5.2122	495.123800768	34.0
5.2224	495.344592007	41.0
5.2326	495.564592248	36.0
5.2429	495.785949572	37.0
5.2531	496.004368625	42.0
5.2634	496.224135007	39.0
5.2736	496.440984236	46.0
5.2838	496.65705659	31.0
5.2941	496.874461798	47.0
5.3043	497.088981195	40.0
5.3146	497.304823866	36.0
5.3248	497.517801467	32.0
5.335	497.730016063	46.0
5.3453	497.943539716	32.0
5.3555	498.154229081	38.0
5.3658	498.366218095	41.0
5.376	498.575393191	43.0
5.3862	498.783818906	38.0
5.3965	498.993530305	38.0
5.4067	499.20045802	36.0
5.417	499.408662179	37.0
5.4272	499.614102661	40.0
5.4374	499.818807141	29.0
5.4477	500.024774351	34.0
5.4579	500.228007576	35.0
5.4682	500.432494456	50.0
5.4784	500.634267002	38.0
5.4886	500.835316685	31.0
5.4989	501.037606554	41.0
5.5091	501.237211252	43.0
5.5194	501.438047221	31.0
5.5296	501.636217317	42.0
5.5398	501.833677457	33.0
5.5501	502.032355641	44.0
5.5603	502.228396594	33.0
5.5706	502.425646835	33.0
5.5808	502.6202788	32.0
5.591	502.814213486	42.0
5.6013	503.009344467	26.0
5.6115	503.201885302	31.0
5.6218	503.395613836	32.0
5.632	503.58677084	39.0
5.6422	503.777243013	31.0
5.6525	503.968890124	37.0
5.6627	504.157993333	37.0
5.673	504.348263035	36.0
5.6832	504.53600712	27.0
5.6934	504.723078601	22.0
5.7037	504.911304042	27.0
5.7139	505.097031001	32.0
5.7242	505.283903626	31.0
5.7344	505.468295725	35.0
5.7446	505.65202723	26.0
5.7549	505.836892092	23.0
5.7651	506.01930308	28.0
5.7754	506.202839279	23.0
5.7856	506.38393924	28.0
5.7958	506.564390401	30.0
5.8061	506.745954683	36.0
5.8163	506.925108903	23.0
5.8266	507.105368245	22.0
5.8368	507.283234846	19.0
5.847	507.460464229	22.0
5.8573	507.638786861	27.0
5.8675	507.81474246	26.0
5.8778	507.991783449	38.0
5.888	508.166474418	42.0
5.8982	508.340539546	40.0
5.9085	508.515678404	20.0
5.9187	508.688492489	18.0
5.929	508.862372587	24.0
5.9392	509.033944621	24.0
5.9494	509.204901989	25.0
5.9597	509.376913916	24.0
5.9699	509.546642577	21.0
5.9802	509.717418217	28.0
5.9904	509.885927002	19.0
6.0006	510.053832095	24.0
6.0109	510.222772919	24.0
6.0211	510.389471243	19.0
6.0314	510.557197854	25.0
6.0416	510.722698081	22.0
6.0518	510.887605395	18.0
6.0621	511.053529947	22.0
6.0723	511.217252037	17.0
6.0826	511.381984055	17.0
6.0928	511.54452944	12.0
6.103	511.706492496	22.0
6.1133	511.86945463	11.0
6.1235	512.030253624	15.0
6.1338	512.192044515	25.0
6.144	512.351687813	15.0
6.1542	512.510759179	17.0
6.1645	512.670811785	18.0
6.1747	512.828739872	15.0
6.185	512.987642147	20.0
6.1952	513.144435171	14.0
6.2054	513.300666476	17.0
6.2157	513.457861501	11.0
6.2259	513.612969939	11.0
6.2362	513.76903517	14.0
6.2464	513.92302881	16.0
6.2566	514.076470759	8.0
6.2669	514.230859223	12.0
6.2771	514.383198353	7.0
6.2874	514.536477194	12.0
6.2976	514.68772143	13.0
6.3078	514.838423825	11.0
6.3181	514.990055835	7.0
6.3283	515.1396751	13.0
6.3386	515.290217299	11.0
6.3488	515.438761219	12.0
6.359	515.586772972	12.0
6.3693	515.735697743	12.0
6.3795	515.882645704	12.0
6.3898	516.030500121	12.0
6.4	516.176391936	12.0
6.4102	516.321761086	10.0
6.4205	516.468026952	8.0
6.4307	516.612351303	5.0
6.441	516.757565925	11.0
6.4512	516.900852986	7.0
6.4614	517.043626714	10.0
6.4717	517.187281148	8.0
6.4819	517.32902873	4.0
6.4922	517.471650689	7.0
6.5024	517.612379501	8.0
6.5126	517.752604145	8.0
6.5229	517.893693771	5.0
6.5331	518.03291059	7.0
6.5434	518.172986176	6.0
6.5536	518.311202414	10.0
6.5638	518.448923485	3.0
6.5741	518.587494096	5.0
6.5843	518.724225337	4.0
6.5946	518.861800011	2.0
6.6048	518.997548535	5.0
6.615	519.132810733	3.0
6.6253	519.268907303	3.0
6.6355	519.403197342	2.0
6.6458	519.538315757	8.0
6.656	519.671640626	5.0
6.6662	519.804487851	9.0
6.6765	519.93815455	3.0
6.6867	520.070046974	4.0
6.697	520.202752983	4.0
6.7072	520.333697468	3.0
6.7174	520.464172838	5.0
6.7277	520.595453051	6.0
6.7379	520.724990666	2.0
6.7482	520.85532734	3.0
6.7584	520.983933941	1.0
6.7686	521.112079802	6.0
6.7789	521.241016137	0.0
6.7891	521.368240986	4.0
6.7994	521.496250628	1.0
6.8096	521.622561085	4.0
6.8198	521.748419028	4.0
6.8301	521.875053332	3.0
6.8403	522.000006707	3.0
6.8506	522.125730864	2.0
6.8608	522.249786173	2.0
6.871	522.373397047	3.0
6.8813	522.497770421	4.0
6.8915	522.620492877	2.0
6.9018	522.743972353	4.0
6.912	522.865812778	2.0
6.9222	522.987216702	0.0
6.9325	523.109369512	4.0
6.9427	523.22990088	2.0
6.953	523.351175753	1.0
6.9632	523.470840836	1.0
6.9734	523.590077214	2.0
6.9837	523.710049106	3.0
6.9939	523.828428506	3.0
7.0042	523.947538136	0.0
7.0144	524.065066718	5.0
7.0246	524.182174248	3.0
7.0349	524.300004161	1.0
7.0451	524.416270014	3.0
7.0554	524.533253059	3.0
7.0656	524.648683284	3.0
7.0758	524.763699975	3.0
7.0861	524.879426151	3.0
7.0963	524.993616193	2.0
7.1066	525.108510621	1.0
7.1168	525.221879954	2.0
7.127	525.334843135	0.0
7.1373	525.448503136	1.0
7.1475	525.560654427	1.0
7.1578	525.673497529	0.0
7.168	525.784842764	2.0
7.1782	525.8957891	0.0
7.1885	526.007419813	1.0
7.1987	526.117568754	4.0
7.209	526.228397154	0.0
7.2192	526.337754431	1.0
7.2294	526.446719929	2.0
7.2397	526.556357587	0.0
7.2499	526.664539927	1.0
7.2602	526.773389595	1.0
7.2704	526.880794406	5.0
7.2806	526.987814433	1.0
7.2909	527.095494619	1.0
7.3011	527.201745471	0.0
7.3114	527.308651736	2.0
7.3216	527.41413894	0.0
7.3318	527.519248231	3.0
7.3421	527.625005893	0.0
7.3523	527.729359741	0.0
7.3626	527.834357301	1.0
7.3728	527.937961135	2.0
7.383	528.041193803	3.0
7.3933	528.145063267	0.0
7.4035	528.24755398	0.0
7.4138	528.350676912	2.0
7.424	528.452431003	5.0
7.4342	528.553820554	1.0
7.4445	528.655835531	0.0
7.4547	528.756496374	1.0
7.465	528.857778148	1.0
7.4752	528.95771552	0.0
7.4854	529.057294861	0.0
7.4957	529.157488462	0.0
7.5059	529.256352105	5.0
7.5162	529.355825593	0.0
7.5264	529.453978682	0.0
7.5366	529.551780133	0.0
7.5469	529.650184876	0.0
7.5571	529.747283406	0.0
7.5674	529.844980894	0.0
7.5776	529.941381557	2.0
7.5878	530.037436859	0.0
7.5981	530.134084683	1.0
7.6083	530.229449615	0.0
7.6186	530.325402811	2.0
7.6288	530.420082335	0.0
7.639	530.514422665	0.0
7.6493	530.609344937	1.0
7.6595	530.703007223	1.0
7.6698	530.797247269	0.0
7.68	530.890236384	0.0
7.6902	530.982892361	1.0
7.7005	531.07611989	1.0
7.7107	531.168109928	1.0
7.721	531.260667412	2.0
7.7312	531.351996298	1.0
7.7414	531.442997994	0.0
7.7517	531.534561038	0.0
7.7619	531.624908685	2.0
7.7722	531.715813646	3.0
7.7824	531.805511946	1.0
7.7926	531.894888896	1.0
7.8029	531.984817173	0.0
7.8131	532.073551752	2.0
7.8234	532.162833695	1.0
7.8336	532.25093052	2.0
7.8438	532.338711733	0.0
7.8541	532.42703443	0.0
7.8643	532.514184741	0.0
7.8746	532.601872643	0.0
7.8848	532.688396586	3.0
7.895	532.774610553	1.0
7.9053	532.861356335	2.0
7.9155	532.946950663	0.0
7.9258	533.033072985	0.0
7.936	533.118052129	0.0
7.9462	533.20272683	1.0
7.9565	533.287923852	1.0
7.9667	533.371989978	0.0
7.977	533.456574671	1.0
7.9872	533.540036597	0.0
7.9974	533.623199515	1.0
8.0077	533.706875428	2.0
8.0179	533.789440637	1.0
8.0282	533.872515154	1.0
8.0384	533.954486949	2.0
8.0486	534.036165076	0.0
8.0589	534.118347038	2.0
8.0691	534.199438127	0.0
8.0794	534.281029431	0.0
8.0896	534.361537701	0.0
8.0998	534.441757545	1.0
8.1101	534.52247223	0.0
8.1203	534.602115518	0.0
8.1306	534.682250089	0.0
8.1408	534.761320964	1.0
8.151	534.840108562	0.0
8.1613	534.919382166	1.0
8.1715	534.997603502	0.0
8.1818	535.07630735	0.0
8.192	535.153966492	0.0
8.2022	535.231347416	2.0
8.2125	535.309205668	1.0
8.2227	535.386030439	0.0
8.233	535.463329108	0.0
8.2432	535.539601723	2.0
8.2534	535.615601087	1.0
8.2637	535.692069258	1.0
8.2739	535.767522398	1.0
8.2842	535.843440976	0.0
8.2944	535.918351819	2.0
8.3046	535.992994289	0.0
8.3149	536.068097196	3.0
8.3251	536.142203195	0.0
8.3354	536.216766322	0.0
8.3456	536.290339706	1.0
8.3558	536.363649509	2.0
8.3661	536.437411528	1.0
8.3763	536.510194438	0.0
8.3866	536.583426313	1.0
8.3968	536.655686117	0.0
8.407	536.727687046	0.0
8.4173	536.800132117	1.0
8.4275	536.87161556	1.0
8.4378	536.943539953	0.0
8.448	537.01450963	1.0
8.4582	537.085225054	0.0
8.4685	537.156376689	1.0
8.4787	537.226583866	1.0
8.489	537.29722412	3.0
8.4992	537.366926704	1.0
8.5094	537.436379574	0.0
8.5197	537.506260867	0.0
8.5299	537.575214565	1.0
8.5402	537.644593607	1.0
8.5504	537.713051719	2.0
8.5606	537.781264577	1.0
8.5709	537.849898209	1.0
8.5811	537.917620807	1.0
8.5914	537.985761154	0.0
8.6016	538.052997015	1.0
8.6118	538.119992	0.0
8.6221	538.187400246	0.0
8.6323	538.253913724	1.0
8.6426	538.320837493	0.0
8.6528	538.386872924	1.0
8.663	538.45267178	1.0
8.6733	538.518876519	0.0
8.6835	538.584202464	0.0
8.6938	538.649931375	1.0
8.704	538.714787809	2.0
8.7142	538.779411891	3.0
8.7245	538.84443461	1.0
8.7347	538.908594225	0.0
8.745	538.973149612	2.0
8.7552	539.036848098	1.0
8.7654	539.100318381	0.0
8.7757	539.164180184	1.0
8.7859	539.227194292	0.0
8.7962	539.290597106	1.0
8.8064	539.353158319	0.0
8.8166	539.415495403	3.0
8.8269	539.478217016	1.0
8.8371	539.54010607	0.0
8.8474	539.60237689	1.0
8.8576	539.663821134	0.0
8.8678	539.725045251	0.0
8.8781	539.786647032	1.0
8.8883	539.847431118	2.0
8.8986	539.908590154	0.0
8.9088	539.968937372	1.0
8.919	540.029068393	1.0
8.9293	540.089570335	0.0
8.9395	540.149269181	0.0
8.9498	540.209336283	0.0
8.96	540.268606061	0.0
8.9702	540.327663502	0.0
8.9805	540.387085242	0.0
8.9907	540.445718225	1.0
9.001	540.504712888	1.0
9.0112	540.562924463	0.0
9.0214	540.620927491	2.0
9.0317	540.679288315	1.0
9.0419	540.736874464	0.0
9.0522	540.794815835	1.0
9.0624	540.8519881	2.0
9.0726	540.908955542	0.0
9.0829	540.966274391	2.0
9.0931	541.022832396	0.0
9.1034	541.079739282	0.0
9.1136	541.135890792	1.0
9.1238	541.191841137	0.0
9.1341	541.248136614	0.0
9.1443	541.303684832	1.0
9.1546	541.359575702	0.0
9.1648	541.414724683	0.0
9.175	541.469676089	0.0
9.1853	541.524966467	0.0
9.1955	541.579522926	3.0
9.2058	541.634415919	1.0
9.216	541.68858027	1.0
9.2262	541.742550574	1.0
9.2365	541.796853796	1.0
9.2467	541.850436203	0.0
9.257	541.904349137	1.0
9.2672	541.957546437	0.0
9.2774	542.010553154	0.0
9.2877	542.063886846	0.0
9.2979	542.116512592	0.0
9.3082	542.169462964	1.0
9.3184	542.221710478	2.0
9.3286	542.273770813	2.0
9.3389	542.326152285	1.0
9.3491	542.377838451	5.0
9.3594	542.429843446	0.0
9.3696	542.481158132	2.0
9.3798	542.532288981	1.0
9.3901	542.583735234	0.0
9.4003	542.634498594	1.0
9.4106	542.685575092	1.0
9.4208	542.735973605	2.0
9.431	542.786191564	0.0
9.4413	542.836719294	0.0
9.4515	542.886576325	1.0
9.4618	542.936740902	0.0
9.472	542.9862396	0.0
9.4822	543.035560966	3.0
9.4925	543.085186574	1.0
9.5027	543.134153457	1.0
9.513	543.183422395	1.0
9.5232	543.232037343	2.0
9.5334	543.280478125	0.0
9.5437	543.329217717	1.0
9.5539	543.377310345	0.0
9.5642	543.425699635	0.0
9.5744	543.473446611	0.0
9.5846	543.52102253	0.0
9.5949	543.568891925	1.0
9.6051	543.616125906	1.0
9.6154	543.663651253	0.0
9.6256	543.710545754	1.0
9.6358	543.757272253	0.0
9.6461	543.804286987	2.0
9.6563	543.850677653	1.0
9.6666	543.897354481	0.0
9.6768	543.943411728	0.0
9.687	543.989303971	0.0
9.6973	544.035479303	0.0
9.7075	544.081041709	1.0
9.7178	544.12688517	0.0
9.728	544.172120109	2.0
9.7382	544.217192992	1.0
9.7485	544.262543909	0.0
9.7587	544.307292844	0.0
9.769	544.352317814	1.0
9.7792	544.396745129	1.0
9.7894	544.44101328	0.0
9.7997	544.485554501	0.0
9.8099	544.529504488	0.0
9.8202	544.573725582	0.0
9.8304	544.617359691	0.0
9.8406	544.660837478	0.0
9.8509	544.70458346	0.0
9.8611	544.747748763	0.0
9.8714	544.791180334	1.0
9.8816	544.834035399	0.0
9.8918	544.876736933	1.0
9.9021	544.919701874	1.0
9.9123	544.962096503	0.0
9.9226	545.004752645	1.0
9.9328	545.046842576	2.0
9.943	545.088781716	0.0
9.9533	545.13097956	1.0
9.9635	545.172617275	1.0
9.9738	545.214511835	1.0
9.984	545.255850291	0.0
9.9942	545.29704065	1.0
10.0045	545.338485093	0.0
10.0147	545.379379408	0.0
10.025	545.420525982	0.0
10.0352	545.46112638	0.0
10.0454	545.501581326	0.0
10.0557	545.54228582	0.0
10.0659	545.582450007	1.0
10.0762	545.622861949	1.0
10.0864	545.662737468	0.0
10.0966	545.702470131	1.0
10.1069	545.742447886	2.0
10.1171	545.781894982	0.0
10.1274	545.821585409	2.0
10.1376	545.86074899	0.0
10.1478	545.899772265	1.0
10.1581	545.939036257	0.0
10.1683	545.977779064	0.0
10.1786	546.016760857	0.0
10.1888	546.055225211	2.0
10.199	546.093551765	0.0
10.2093	546.132114737	2.0
10.2195	546.170165829	0.0
10.2298	546.208451641	1.0
10.24	546.246229252	0.0
10.2502	546.283871523	4.0
10.2605	546.321745992	0.0
10.2707	546.359117719	0.0
10.281	546.396719976	0.0
10.2912	546.433823105	1.0
10.3014	546.47079331	2.0
10.3117	546.507991568	1.0
10.3219	546.54469606	1.0
10.3322	546.581626966	0.0
10.3424	546.618067655	1.0
10.3526	546.654377794	2.0
10.3629	546.690911913	0.0
10.3731	546.726961083	0.0
10.3834	546.763232624	0.0
10.3936	546.799022701	1.0
10.4038	546.834684558	0.0
10.4141	546.870566397	1.0
10.4243	546.905971945	1.0
10.4346	546.941595894	0.0
10.4448	546.976746974	0.0
10.455	547.011772124	1.0
10.4653	547.047013328	0.0
10.4755	547.081786745	0.0
10.4858	547.116774663	0.0
10.496	547.151298156	0.0
10.5062	547.185697966	1.0
10.5165	547.220309974	0.0
10.5267	547.254462545	0.0
10.537	547.288825789	0.0
10.5472	547.322732899	1.0
10.5574	547.356518534	1.0
10.5677	547.390512579	0.0
10.5779	547.42405539	1.0
10.5882	547.457805112	0.0
10.5984	547.491106844	0.0
10.6086	547.524289271	2.0
10.6189	547.557676385	0.0
10.6291	547.590620322	0.0
10.6394	547.623767476	0.0
10.6496	547.656474639	0.0
10.6598	547.689064626	1.0
10.6701	547.721855647	0.0
10.6803	547.754211403	1.0
10.6906	547.786766747	1.0
10.7008	547.818889956	1.0
10.711	547.850898081	2.0
10.7213	547.88310365	0.0
10.7315	547.914881726	2.0
10.7418	547.946855827	1.0
10.752	547.978405507	1.0
10.7622	548.009842159	0.0
10.7725	548.04147273	0.0
10.7827	548.07268344	0.0
10.793	548.104086675	0.0
10.8032	548.135073067	0.0
10.8134	548.165948448	0.0
10.8237	548.197014286	1.0
10.8339	548.22766776	0.0
10.8442	548.258510321	3.0
10.8544	548.288943482	1.0
10.8646	548.319267614	2.0
10.8749	548.349778802	3.0
10.8851	548.379884989	0.0
10.8954	548.410176886	0.0
10.9056	548.440066693	0.0
10.9158	548.469849418	1.0
10.9261	548.499815859	0.0
10.9363	548.529384529	2.0
10.9466	548.559135595	0.0
10.9568	548.588491749	2.0
10.967	548.617742732	1.0
10.9773	548.647174152	1.0
10.9875	548.676214903	0.0
10.9978	548.705434793	2.0
11.008	548.734266822	1.0
11.0182	548.762995558	0.0
11.0285	548.791901509	0.0
11.0387	548.820423766	2.0
11.049	548.849121964	1.0
11.0592	548.877439225	1.0
11.0694	548.905655039	1.0
11.0797	548.934044902	0.0
11.0899	548.962057923	0.0
11.1002	548.990243742	0.0
11.1104	549.018055427	0.0
11.1206	549.045767475	0.0
11.1309	549.073650466	1.0
11.1411	549.101163341	0.0
11.1514	549.128845931	0.0
11.1616	549.156161066	0.0
11.1718	549.183378342	0.0
11.1821	549.21076351	1.0
11.1923	549.23778517	1.0
11.2026	549.264973515	1.0
11.2128	549.291800965	0.0
11.223	549.318532304	2.0
11.2333	549.345428537	1.0
11.2435	549.371967752	1.0
11.2538	549.398670675	2.0
11.264	549.425019148	0.0
11.2742	549.451273225	0.0
11.2845	549.477689252	0.0
11.2947	549.503754636	2.0
11.305	549.529980805	1.0
11.3152	549.555858852	0.0
11.3254	549.581644189	1.0
11.3357	549.607588584	0.0
11.3459	549.633188596	3.0
11.3562	549.658946523	1.0
11.3664	549.684362542	0.0
11.3766	549.709687507	0.0
11.3869	549.735168691	0.0
11.3971	549.76031164	2.0
11.4074	549.785609685	1.0
11.4176	549.810571927	1.0
11.4278	549.83544474	0.0
11.4381	549.860470982	0.0
11.4483	549.885165028	0.0
11.4586	549.910011402	0.0
11.4688	549.934527967	1.0
11.479	549.958956701	1.0
11.4893	549.983536124	0.0
11.4995	550.007789283	0.0
11.5098	550.032192049	1.0
11.52	550.056270895	0.0
11.5302	550.080263478	0.0
11.5405	550.10440406	2.0
11.5507	550.128224203	2.0
11.561	550.152191281	4.0
11.5712	550.175840224	2.0
11.5814	550.199404443	0.0
11.5917	550.223114018	0.0
11.6019	550.246508876	1.0
11.6122	550.270048046	2.0
11.6224	550.29327476	2.0
11.6326	550.316418263	0.0
11.6429	550.339704528	0.0
11.6531	550.362681694	1.0
11.6634	550.385800595	0.0
11.6736	550.408612619	0.0
11.6838	550.431342918	0.0
11.6941	550.45421343	0.0
11.7043	550.476780361	0.0
11.7146	550.499486497	1.0
11.7248	550.521891235	0.0
11.735	550.544215707	0.0
11.7453	550.566677888	0.0
11.7555	550.588841909	1.0
11.7658	550.61114265	2.0
11.776	550.633147373	0.0
11.7862	550.655073263	1.0
11.7965	550.677134404	1.0
11.8067	550.698902709	0.0
11.817	550.720805292	2.0
11.8272	550.742417143	0.0
11.8374	550.763951568	1.0
11.8477	550.785618829	1.0
11.8579	550.806998482	1.0
11.8682	550.828510016	1.0
11.8784	550.849736009	1.0
11.8886	550.870885958	0.0
11.8989	550.892166372	1.0
11.9091	550.913164312	0.0
11.9194	550.934291779	0.0
11.9296	550.955138803	0.0
11.9398	550.975911141	0.0
11.9501	550.996811614	0.0
11.9603	551.017434657	0.0
11.9706	551.038184914	0.0
11.9808	551.058659734	0.0
11.991	551.079061202	1.0
12.0013	551.099588518	0.0
12.0115	551.119843357	1.0
12.0218	551.140223139	0.0
12.032	551.160332402	0.0
12.0422	551.180369622	0.0
12.0525	551.200530443	2.0
12.0627	551.220423651	1.0
12.073	551.240439572	2.0
12.0832	551.260189804	0.0
12.0934	551.27986928	0.0
12.1037	551.299670149	1.0
12.1139	551.319208184	1.0
12.1242	551.338866741	0.0
[END DATA]
