TL-DOS Lehrstuhlversuch
detector=R1407603
job_number=2015-11-17-002
irradiation_dose [mSv]=0.05

[BEGIN DATA]
time [sec] 	 temperature [K] 	 photoncount 
0.0	64.0535730715	0.0
0.0102	66.2427130252	0.0
0.0205	68.4430186009	1.0
0.0307	70.611812835	2.0
0.041	72.7916689185	0.0
0.0512	74.9403065248	3.0
0.0614	77.0789848828	1.0
0.0717	79.2285714852	1.0
0.0819	81.3473731103	0.0
0.0922	83.4769815993	0.0
0.1024	85.5760912245	2.0
0.1126	87.6654711707	0.0
0.1229	89.7655079168	0.0
0.1331	91.8354693062	1.0
0.1434	93.9159884519	0.0
0.1536	95.9667117593	1.0
0.1638	98.0079296653	1.0
0.1741	100.059558723	0.0
0.1843	102.081805687	2.0
0.1946	104.114367042	0.0
0.2048	106.117819378	1.0
0.215	108.111985421	0.0
0.2253	110.11632263	1.0
0.2355	112.091955028	1.0
0.2458	114.077664061	0.0
0.256	116.034935064	0.0
0.2662	117.983133831	0.0
0.2765	119.941269309	0.0
0.2867	121.871361648	0.0
0.297	123.811298346	0.0
0.3072	125.723452536	0.0
0.3174	127.626743613	0.0
0.3277	129.539742351	0.0
0.3379	131.425344368	0.0
0.3482	133.320563825	0.0
0.3584	135.188641184	0.0
0.3686	137.048059732	0.0
0.3789	138.916962171	0.0
0.3891	140.759099409	0.0
0.3994	142.610632394	0.0
0.4096	144.435648932	0.0
0.4198	146.252206252	0.0
0.4301	148.078028851	0.0
0.4403	149.87770321	0.0
0.4506	151.686556736	0.0
0.4608	153.469505042	0.0
0.471	155.244189123	0.0
0.4813	157.02792491	0.0
0.4915	158.786115196	0.0
0.5018	160.553273062	0.0
0.512	162.295122846	0.0
0.5222	164.028898902	0.0
0.5325	165.771518015	0.0
0.5427	167.489180473	0.0
0.553	169.215603801	0.0
0.5632	170.91730242	0.0
0.5734	172.611113418	0.0
0.5837	174.313563631	0.0
0.5939	175.991632464	0.0
0.6042	177.67826022	1.0
0.6144	179.340733193	0.0
0.6246	180.995500362	0.0
0.6349	182.658707605	0.0
0.6451	184.298095479	0.0
0.6554	185.945844986	1.0
0.6656	187.569996499	0.0
0.6758	189.186619833	0.0
0.6861	190.811488691	1.0
0.6963	192.413087237	0.0
0.7066	194.022854673	0.0
0.7168	195.609568069	0.0
0.727	197.188926818	0.0
0.7373	198.776341024	1.0
0.7475	200.341021318	0.0
0.7578	201.913682203	0.0
0.768	203.463820464	0.0
0.7782	205.006773608	0.0
0.7885	206.557596524	0.0
0.7987	208.086209566	1.0
0.809	209.622619238	1.0
0.8192	211.137025453	0.0
0.8294	212.644412174	0.0
0.8397	214.159487262	0.0
0.8499	215.652864432	1.0
0.8602	217.153858514	0.0
0.8704	218.633356337	0.0
0.8806	220.105996473	0.0
0.8909	221.586147751	0.0
0.9011	223.045101268	0.0
0.9114	224.51149612	0.0
0.9216	225.956890221	0.0
0.9318	227.39558471	0.0
0.9421	228.841617203	1.0
0.9523	230.266940562	0.0
0.9626	231.699533726	0.0
0.9728	233.111610225	0.0
0.983	234.517141545	0.0
0.9933	235.929841721	0.0
1.0035	237.322310126	0.0
1.0138	238.721880762	0.0
1.024	240.101407659	1.0
1.0342	241.474540249	0.0
1.0445	242.854676447	0.0
1.0547	244.215047235	0.0
1.065	245.58235654	0.0
1.0752	246.930084132	0.0
1.0854	248.271564812	0.0
1.0957	249.61988766	1.0
1.1059	250.948900708	0.0
1.1162	252.284692334	0.0
1.1264	253.601353624	0.0
1.1366	254.911911997	1.0
1.1469	256.229154821	0.0
1.1571	257.527532953	0.0
1.1674	258.832533411	0.0
1.1776	260.118844503	0.0
1.1878	261.399193356	0.0
1.1981	262.686072578	1.0
1.2083	263.954521955	1.0
1.2186	265.229441008	0.0
1.2288	266.486101502	0.0
1.239	267.736937191	0.0
1.2493	268.994152718	0.0
1.2595	270.233363225	0.0
1.2698	271.478894275	0.0
1.28	272.706587643	0.0
1.2902	273.928590472	0.0
1.3005	275.156826079	2.0
1.3107	276.367471697	0.0
1.321	277.584292164	0.0
1.3312	278.783686123	0.0
1.3414	279.977520715	0.0
1.3517	281.177444414	2.0
1.3619	282.360183588	0.0
1.3722	283.548955277	0.0
1.3824	284.720702153	1.0
1.3926	285.887017811	1.0
1.4029	287.059282217	0.0
1.4131	288.214758216	0.0
1.4234	289.376127674	0.0
1.4336	290.520864757	0.0
1.4438	291.660295817	0.0
1.4541	292.805538499	1.0
1.4643	293.934379763	1.0
1.4746	295.068978637	0.0
1.4848	296.187328526	1.0
1.495	297.300494701	0.0
1.5053	298.419338535	3.0
1.5155	299.522159018	1.0
1.5258	300.630604393	0.0
1.536	301.723175336	0.0
1.5462	302.810682054	0.0
1.5565	303.903735557	0.0
1.5667	304.981135061	0.0
1.577	306.064029798	4.0
1.5872	307.131416023	1.0
1.5974	308.193854757	1.0
1.6077	309.261712418	1.0
1.6179	310.314276918	1.0
1.6282	311.372209982	1.0
1.6384	312.414992018	1.0
1.6486	313.452940607	0.0
1.6589	314.496183213	0.0
1.6691	315.524485178	0.0
1.6794	316.558031957	1.0
1.6896	317.576776953	0.0
1.6998	318.590799917	1.0
1.7101	319.609994866	2.0
1.7203	320.614593569	0.0
1.7306	321.624316188	0.0
1.7408	322.619578218	0.0
1.751	323.610227064	2.0
1.7613	324.605928675	0.0
1.7715	325.587370497	2.0
1.7818	326.573818124	0.0
1.792	327.546138492	2.0
1.8022	328.513952013	0.0
1.8125	329.486701829	0.0
1.8227	330.445520556	1.0
1.833	331.4092297	1.0
1.8432	332.359137231	2.0
1.8534	333.304641801	0.0
1.8637	334.254968881	0.0
1.8739	335.191685995	0.0
1.8842	336.133180799	1.0
1.8944	337.061192128	0.0
1.9046	337.984901989	1.0
1.9149	338.913323195	2.0
1.9251	339.828448159	4.0
1.9354	340.748240682	2.0
1.9456	341.654860535	0.0
1.9558	342.557278074	1.0
1.9661	343.464298358	0.0
1.9763	344.358328889	0.0
1.9866	345.256919387	4.0
1.9968	346.142640858	2.0
2.007	347.024256881	2.0
2.0173	347.910369552	2.0
2.0275	348.783791894	2.0
2.0378	349.661669094	0.0
2.048	350.526973908	1.0
2.0582	351.388267909	1.0
2.0685	352.253954905	3.0
2.0787	353.107244097	4.0
2.089	353.964885457	3.0
2.0992	354.810244236	3.0
2.1094	355.651684655	6.0
2.1197	356.497416807	3.0
2.1299	357.331036935	4.0
2.1402	358.168908909	2.0
2.1504	358.994781427	7.0
2.1606	359.816825906	0.0
2.1709	360.64306319	1.0
2.1811	361.457467643	4.0
2.1914	362.276025934	3.0
2.2016	363.082861366	0.0
2.2118	363.885956999	4.0
2.2221	364.693148789	1.0
2.2323	365.488780505	3.0
2.2426	366.288470309	4.0
2.2528	367.076707477	6.0
2.263	367.861291051	3.0
2.2733	368.649876363	3.0
2.2835	369.42716807	3.0
2.2938	370.208424323	4.0
2.304	370.978491933	4.0
2.3142	371.744990167	8.0
2.3245	372.515397896	7.0
2.3347	373.274772347	4.0
2.345	374.038019958	8.0
2.3552	374.790336835	4.0
2.3654	375.539166613	4.0
2.3757	376.291815768	4.0
2.3859	377.033685972	4.0
2.3962	377.779340056	5.0
2.4064	378.514315369	8.0
2.4166	379.245883964	11.0
2.4269	379.981183896	3.0
2.4371	380.705953341	7.0
2.4474	381.434419445	3.0
2.4576	382.152452932	13.0
2.4678	382.867158229	4.0
2.4781	383.585508853	12.0
2.4883	384.293571727	7.0
2.4986	385.005246048	9.0
2.5088	385.706728233	9.0
2.519	386.404958947	5.0
2.5293	387.106750958	11.0
2.5395	387.798492362	4.0
2.5498	388.493761966	7.0
2.56	389.179074372	11.0
2.5702	389.861210255	10.0
2.5805	390.546825345	9.0
2.5907	391.222621503	9.0
2.601	391.901864533	7.0
2.6112	392.571379887	9.0
2.6214	393.23779194	5.0
2.6317	393.907603001	13.0
2.6419	394.567821465	6.0
2.6522	395.231407347	8.0
2.6624	395.885489785	5.0
2.6726	396.536540455	14.0
2.6829	397.190911784	2.0
2.6931	397.835911633	6.0
2.7034	398.484201279	8.0
2.7136	399.123206543	10.0
2.7238	399.759249925	7.0
2.7341	400.39853742	5.0
2.7443	401.028669458	11.0
2.7546	401.662015458	8.0
2.7648	402.286291091	11.0
2.775	402.907673114	11.0
2.7853	403.532224473	6.0
2.7955	404.147831414	16.0
2.8058	404.766578234	10.0
2.816	405.376463765	3.0
2.8262	405.983522389	10.0
2.8365	406.59367729	14.0
2.8467	407.195093951	8.0
2.857	407.799578115	4.0
2.8672	408.39540525	10.0
2.8774	408.988470639	10.0
2.8877	409.584560936	12.0
2.8979	410.172114415	8.0
2.9082	410.762664688	12.0
2.9184	411.344757485	7.0
2.9286	411.924152198	3.0
2.9389	412.50650209	9.0
2.9491	413.080511946	7.0
2.9594	413.657449518	10.0
2.9696	414.226124565	9.0
2.9798	414.792163721	5.0
2.9901	415.361089938	4.0
3.0003	415.921868364	4.0
3.0106	416.485507018	6.0
3.0208	417.041073607	7.0
3.031	417.594065064	6.0
3.0413	418.149877033	7.0
3.0515	418.697729024	9.0
3.0618	419.248375313	7.0
3.072	419.791135605	4.0
3.0822	420.331380124	8.0
3.0925	420.874380139	9.0
3.1027	421.409603662	7.0
3.113	421.947557071	8.0
3.1232	422.477806262	8.0
3.1334	423.005597671	5.0
3.1437	423.536081059	8.0
3.1539	424.058967211	4.0
3.1642	424.584520322	8.0
3.1744	425.102546804	9.0
3.1846	425.618172158	6.0
3.1949	426.136427439	5.0
3.2051	426.647260606	13.0
3.2154	427.160699257	8.0
3.2256	427.666784775	5.0
3.2358	428.170524513	8.0
3.2461	428.676833555	13.0
3.2563	429.175891569	7.0
3.2666	429.677495009	6.0
3.2768	430.171914812	12.0
3.287	430.664042906	8.0
3.2973	431.158681081	8.0
3.3075	431.646235371	6.0
3.3178	432.136276411	9.0
3.328	432.619299404	4.0
3.3382	433.100083515	8.0
3.3485	433.583319846	8.0
3.3587	434.059635581	13.0
3.369	434.538380746	9.0
3.3792	435.010269635	7.0
3.3894	435.47997125	11.0
3.3997	435.95206856	10.0
3.4099	436.4174048	14.0
3.4202	436.885114469	7.0
3.4304	437.346125906	8.0
3.4406	437.805000487	13.0
3.4509	438.266215539	10.0
3.4611	438.720825371	4.0
3.4714	439.177753922	12.0
3.4816	439.628138641	11.0
3.4918	440.07643576	7.0
3.5021	440.527019401	9.0
3.5123	440.971150078	11.0
3.5226	441.417546025	10.0
3.5328	441.857548981	16.0
3.543	442.295512458	10.0
3.5533	442.735709752	8.0
3.5635	443.169602826	7.0
3.5738	443.605708955	8.0
3.584	444.035569457	13.0
3.5942	444.463437493	7.0
3.6045	444.893487852	9.0
3.6147	445.317379311	9.0
3.625	445.743432811	12.0
3.6352	446.163384652	15.0
3.6454	446.581389954	8.0
3.6557	447.001527275	12.0
3.6659	447.415647664	13.0
3.6762	447.831880258	11.0
3.6864	448.24215184	10.0
3.6966	448.650521753	10.0
3.7069	449.060974541	10.0
3.7171	449.465549092	9.0
3.7274	449.872187159	12.0
3.7376	450.273001621	16.0
3.7478	450.67195825	8.0
3.7581	451.072949741	10.0
3.7683	451.468198493	5.0
3.7786	451.865463197	11.0
3.7888	452.257038534	11.0
3.799	452.646798862	8.0
3.8093	453.038547148	13.0
3.8195	453.42468507	8.0
3.8298	453.812792474	4.0
3.84	454.195341656	5.0
3.8502	454.576117667	5.0
3.8605	454.958835811	5.0
3.8707	455.336072915	2.0
3.881	455.715234103	12.0
3.8912	456.088965191	10.0
3.9014	456.460963981	13.0
3.9117	456.834860136	8.0
3.9219	457.203401595	8.0
3.9322	457.573822784	6.0
3.9424	457.938939043	9.0
3.9526	458.302362935	4.0
3.9629	458.667640456	9.0
3.9731	459.02768671	17.0
3.9834	459.389569366	5.0
3.9936	459.746269375	5.0
4.0038	460.101316028	7.0
4.0141	460.458173581	6.0
4.0243	460.809920454	7.0
4.0346	461.163461398	8.0
4.0448	461.511939158	8.0
4.055	461.858801674	6.0
4.0653	462.207433348	9.0
4.0755	462.551072147	6.0
4.0858	462.896463662	3.0
4.096	463.236908705	9.0
4.1062	463.575775735	10.0
4.1165	463.916371143	6.0
4.1267	464.252088766	3.0
4.137	464.589518704	5.0
4.1472	464.92211619	5.0
4.1574	465.253172038	6.0
4.1677	465.585916423	8.0
4.1779	465.913895461	6.0
4.1882	466.243547342	12.0
4.1984	466.568478165	3.0
4.2086	466.891902885	9.0
4.2189	467.216977221	7.0
4.2291	467.537396054	7.0
4.2394	467.85944917	10.0
4.2496	468.176890052	6.0
4.2598	468.492859549	11.0
4.2701	468.810440636	9.0
4.2803	469.123473534	10.0
4.2906	469.438103044	10.0
4.3008	469.748226635	5.0
4.311	470.056912758	5.0
4.3213	470.367173323	9.0
4.3315	470.672990538	9.0
4.3418	470.980367561	6.0
4.352	471.283342532	5.0
4.3622	471.584913169	6.0
4.3725	471.888021955	11.0
4.3827	472.186789815	5.0
4.393	472.487081529	12.0
4.4032	472.783072661	7.0
4.4134	473.07769183	12.0
4.4237	473.373813693	6.0
4.4339	473.665694692	6.0
4.4442	473.959064418	5.0
4.4544	474.248232695	8.0
4.4646	474.536060634	7.0
4.4749	474.825356628	8.0
4.4851	475.110509514	8.0
4.4954	475.397116811	9.0
4.5056	475.679619505	5.0
4.5158	475.960812758	11.0
4.5261	476.243440226	5.0
4.5363	476.522020088	9.0
4.5466	476.802020835	11.0
4.5568	477.078011594	5.0
4.567	477.352723096	6.0
4.5773	477.628835753	8.0
4.5875	477.900994105	6.0
4.5978	478.174540589	8.0
4.608	478.444169519	6.0
4.6182	478.71254868	6.0
4.6285	478.982296698	8.0
4.6387	479.248181561	6.0
4.649	479.515422559	9.0
4.6592	479.778836306	7.0
4.6694	480.041029092	10.0
4.6797	480.304559182	6.0
4.6899	480.564315165	6.0
4.7002	480.825396024	10.0
4.7104	481.082737853	5.0
4.7206	481.338886865	4.0
4.7309	481.596342355	4.0
4.7411	481.850110736	7.0
4.7514	482.105173452	7.0
4.7616	482.356583326	8.0
4.7718	482.606827879	6.0
4.7821	482.858348794	7.0
4.7923	483.10626759	7.0
4.8026	483.355450887	7.0
4.8128	483.601065543	2.0
4.823	483.84554174	7.0
4.8333	484.091264877	9.0
4.8435	484.333468928	9.0
4.8538	484.576908331	9.0
4.864	484.816861354	5.0
4.8742	485.05570216	7.0
4.8845	485.295761163	3.0
4.8947	485.532382199	6.0
4.905	485.77021011	3.0
4.9152	486.004632005	11.0
4.9254	486.237967321	5.0
4.9357	486.472492754	8.0
4.9459	486.703659467	7.0
4.9562	486.936005236	6.0
4.9664	487.165023501	7.0
4.9766	487.392980233	7.0
4.9869	487.62209965	8.0
4.9971	487.847937767	10.0
5.0074	488.074927763	9.0
5.0176	488.298666956	1.0
5.0278	488.521369085	8.0
5.0381	488.745207098	7.0
5.0483	488.965839449	6.0
5.0586	489.187597126	5.0
5.0688	489.406178934	4.0
5.079	489.623747584	5.0
5.0893	489.842425935	7.0
5.0995	490.057972516	7.0
5.1098	490.274618484	2.0
5.12	490.488161791	7.0
5.1302	490.700715292	6.0
5.1405	490.914352915	7.0
5.1507	491.124930959	5.0
5.161	491.336583047	6.0
5.1712	491.545203993	2.0
5.1814	491.75285795	5.0
5.1917	491.961571038	7.0
5.2019	492.167295073	2.0
5.2122	492.374068396	6.0
5.2224	492.577880446	9.0
5.2326	492.780747797	7.0
5.2429	492.984649865	6.0
5.2531	493.185631781	5.0
5.2634	493.387638797	5.0
5.2736	493.5867528	5.0
5.2838	493.784943881	4.0
5.2941	493.984145828	5.0
5.3043	494.180494935	9.0
5.3146	494.377845512	5.0
5.3248	494.572369763	3.0
5.335	494.765992365	5.0
5.3453	494.960602533	8.0
5.3555	495.15242562	4.0
5.3658	495.345227093	12.0
5.376	495.53526739	6.0
5.3862	495.724426821	6.0
5.3965	495.914551054	5.0
5.4067	496.10195245	5.0
5.417	496.290309681	7.0
5.4272	496.475969382	6.0
5.4374	496.660768523	8.0
5.4477	496.846510225	7.0
5.4579	497.029591855	8.0
5.4682	497.213607286	7.0
5.4784	497.394987368	8.0
5.4886	497.575526727	5.0
5.4989	497.756986919	9.0
5.5091	497.935848358	4.0
5.5194	498.115622072	3.0
5.5296	498.292821184	6.0
5.5398	498.469198952	7.0
5.5501	498.646476328	6.0
5.5603	498.821214853	6.0
5.5706	498.996844625	2.0
5.5808	499.169959142	9.0
5.591	499.342271248	8.0
5.6013	499.515462226	9.0
5.6115	499.686172874	2.0
5.6218	499.857754226	5.0
5.632	500.026878302	9.0
5.6422	500.195218463	6.0
5.6525	500.364417236	8.0
5.6627	500.531192855	4.0
5.673	500.698819106	5.0
5.6832	500.864044723	3.0
5.6934	501.028504496	5.0
5.7037	501.193803089	7.0
5.7139	501.356734384	4.0
5.7242	501.520496703	7.0
5.7344	501.681913725	10.0
5.7446	501.842582555	6.0
5.7549	502.004070871	5.0
5.7651	502.163246456	3.0
5.7754	502.32323391	7.0
5.7856	502.480930128	3.0
5.7958	502.637895401	5.0
5.8061	502.79566127	9.0
5.8163	502.951167718	4.0
5.8266	503.107467321	3.0
5.8368	503.261528503	6.0
5.847	503.414875589	8.0
5.8573	503.569004815	6.0
5.8675	503.720926704	6.0
5.8778	503.873623464	4.0
5.888	504.0241334	5.0
5.8982	504.173945702	7.0
5.9085	504.324522114	4.0
5.9187	504.47294207	5.0
5.929	504.622119036	5.0
5.9392	504.769159586	0.0
5.9494	504.915518582	3.0
5.9597	505.062624077	4.0
5.9699	505.207622822	4.0
5.9802	505.353361128	4.0
5.9904	505.497012265	6.0
6.0006	505.639997558	4.0
6.0109	505.783712142	5.0
6.0211	505.925368539	5.0
6.0314	506.067747449	8.0
6.0416	506.208087302	6.0
6.0518	506.347776658	9.0
6.0621	506.488178495	4.0
6.0723	506.626569588	2.0
6.0826	506.765666539	4.0
6.0928	506.902771435	3.0
6.103	507.039240829	6.0
6.1133	507.17640628	3.0
6.1235	507.311607337	5.0
6.1338	507.447497982	2.0
6.144	507.581442489	1.0
6.1542	507.714766144	3.0
6.1645	507.848769812	8.0
6.1747	507.980854366	1.0
6.185	508.113612612	3.0
6.1952	508.244469581	2.0
6.2054	508.374720009	6.0
6.2157	508.505634774	1.0
6.2259	508.634674663	5.0
6.2362	508.764372715	4.0
6.2464	508.892213317	4.0
6.2566	509.019461358	5.0
6.2669	509.147358423	4.0
6.2771	509.27342383	0.0
6.2874	509.400132228	6.0
6.2976	509.525025991	2.0
6.3078	509.649340854	5.0
6.3181	509.774289779	1.0
6.3283	509.897449268	3.0
6.3386	510.021236926	3.0
6.3488	510.143251779	1.0
6.359	510.264701074	1.0
6.3693	510.386769818	0.0
6.3795	510.507090372	2.0
6.3898	510.628024616	0.0
6.4	510.747226919	2.0
6.4102	510.865876702	2.0
6.4205	510.985131654	1.0
6.4307	511.102678714	1.0
6.441	511.220825318	2.0
6.4512	511.337279903	3.0
6.4614	511.453194705	2.0
6.4717	511.569700725	4.0
6.4819	511.684538222	1.0
6.4922	511.799961444	3.0
6.5024	511.913731649	2.0
6.5126	512.026974513	2.0
6.5229	512.140794967	0.0
6.5331	512.252985359	0.0
6.5434	512.365747974	1.0
6.5536	512.476895676	0.0
6.5638	512.587528192	3.0
6.5741	512.698724985	0.0
6.5843	512.808329291	2.0
6.5946	512.918492628	1.0
6.6048	513.027078278	0.0
6.615	513.135160618	3.0
6.6253	513.243794228	1.0
6.6355	513.350872058	1.0
6.6458	513.458496034	1.0
6.656	513.564578689	2.0
6.6662	513.670169636	0.0
6.6765	513.776299146	0.0
6.6867	513.880908738	1.0
6.697	513.986051887	2.0
6.7072	514.089689244	0.0
6.7174	514.192846227	0.0
6.7277	514.296529359	0.0
6.7379	514.398727608	1.0
6.7482	514.501447115	1.0
6.7584	514.602695541	1.0
6.7686	514.703474665	1.0
6.7789	514.804767809	0.0
6.7891	514.904610299	3.0
6.7994	515.004962031	2.0
6.8096	515.103876592	1.0
6.8198	515.202332669	3.0
6.8301	515.301290917	0.0
6.8403	515.39883195	0.0
6.8506	515.496870487	0.0
6.8608	515.59350498	0.0
6.871	515.689691558	1.0
6.8813	515.786368732	2.0
6.8915	515.881661359	0.0
6.9018	515.977440022	1.0
6.912	516.071847005	1.0
6.9222	516.165816398	2.0
6.9325	516.260265078	2.0
6.9427	516.353361126	1.0
6.953	516.446932007	2.0
6.9632	516.539162826	1.0
6.9734	516.630966143	0.0
6.9837	516.723237698	1.0
6.9939	516.8141878	1.0
7.0042	516.90560179	0.0
7.0144	516.995706608	1.0
7.0246	517.085393778	0.0
7.0349	517.175538393	0.0
7.0451	517.264392015	1.0
7.0554	517.353698833	1.0
7.0656	517.441726656	0.0
7.0758	517.529346457	0.0
7.0861	517.61741316	2.0
7.0963	517.704218629	0.0
7.1066	517.791466845	0.0
7.1168	517.87746555	0.0
7.127	517.963065638	1.0
7.1373	518.049102326	1.0
7.1475	518.133906853	2.0
7.1578	518.219143921	0.0
7.168	518.30316028	2.0
7.1782	518.386787211	1.0
7.1885	518.470840678	2.0
7.1987	518.553690386	0.0
7.209	518.636962666	0.0
7.2192	518.719042374	0.0
7.2294	518.800741631	1.0
7.2397	518.882857592	1.0
7.2499	518.963797541	0.0
7.2602	519.045150322	2.0
7.2704	519.125338021	1.0
7.2806	519.205154038	1.0
7.2909	519.285377154	2.0
7.3011	519.364451367	1.0
7.3114	519.443928894	0.0
7.3216	519.522268196	0.0
7.3318	519.600244385	0.0
7.3421	519.678618287	1.0
7.3523	519.75586977	2.0
7.3626	519.833515271	1.0
7.3728	519.910048784	0.0
7.383	519.986227552	1.0
7.3933	520.062794868	2.0
7.4035	520.138265636	0.0
7.4138	520.21412134	2.0
7.424	520.288890688	1.0
7.4342	520.363313469	1.0
7.4445	520.438115841	0.0
7.4547	520.511846942	1.0
7.465	520.585954105	1.0
7.4752	520.658999954	1.0
7.4854	520.731707225	0.0
7.4957	520.804785336	0.0
7.5059	520.876816871	0.0
7.5162	520.949215799	0.0
7.5264	521.020577877	0.0
7.5366	521.091609182	0.0
7.5469	521.163002779	1.0
7.5571	521.233373923	1.0
7.5674	521.304103993	1.0
7.5776	521.373821112	3.0
7.5878	521.443215083	2.0
7.5981	521.512962995	2.0
7.6083	521.581712022	0.0
7.6186	521.650811702	3.0
7.6288	521.718921781	0.0
7.639	521.78671616	3.0
7.6493	521.854856321	1.0
7.6595	521.922020623	0.0
7.6698	521.989527494	0.0
7.68	522.056067576	2.0
7.6902	522.122299235	2.0
7.7005	522.188868706	1.0
7.7107	522.254484812	0.0
7.721	522.320435591	0.0
7.7312	522.385441865	1.0
7.7414	522.450146826	0.0
7.7517	522.515181813	0.0
7.7619	522.57928541	1.0
7.7722	522.643715965	0.0
7.7824	522.707223788	0.0
7.7926	522.770437243	2.0
7.8029	522.833973116	1.0
7.8131	522.896599069	0.0
7.8234	522.959544444	2.0
7.8336	523.021588356	1.0
7.8438	523.083344685	2.0
7.8541	523.145416	1.0
7.8643	523.206598371	2.0
7.8746	523.268092799	0.0
7.8848	523.328706544	1.0
7.895	523.389039336	1.0
7.9053	523.449679853	0.0
7.9155	523.509451916	0.0
7.9258	523.569528844	0.0
7.936	523.628745389	0.0
7.9462	523.687687457	1.0
7.9565	523.746930157	2.0
7.9667	523.805324421	2.0
7.977	523.864016524	0.0
7.9872	523.921868076	1.0
7.9974	523.979451477	0.0
8.0077	524.037328581	0.0
8.0179	524.094376806	0.0
8.0282	524.151716004	1.0
8.0384	524.208234027	0.0
8.0486	524.264490081	1.0
8.0589	524.321033066	1.0
8.0691	524.37676628	1.0
8.0794	524.432783759	1.0
8.0896	524.487998992	0.0
8.0998	524.542958294	0.0
8.1101	524.598197915	0.0
8.1203	524.652646429	2.0
8.1306	524.707372656	0.0
8.1408	524.761315129	0.0
8.151	524.815007572	1.0
8.1613	524.86897387	0.0
8.1715	524.922167298	1.0
8.1818	524.975632038	0.0
8.192	525.02833109	0.0
8.2022	525.080785874	1.0
8.2125	525.133508202	1.0
8.2227	525.185475476	1.0
8.233	525.237707806	1.0
8.2432	525.289192099	2.0
8.2534	525.340437754	0.0
8.2637	525.391944786	0.0
8.2739	525.442714168	1.0
8.2842	525.493742497	1.0
8.2944	525.544040032	1.0
8.3046	525.59410443	0.0
8.3149	525.64442418	1.0
8.3251	525.694023283	0.0
8.3354	525.743875365	3.0
8.3456	525.793013497	0.0
8.3558	525.841923867	0.0
8.3661	525.891083703	0.0
8.3763	525.939539503	2.0
8.3866	525.98824245	1.0
8.3968	526.036247906	2.0
8.407	526.084030849	1.0
8.4173	526.132057507	2.0
8.4275	526.179396359	1.0
8.4378	526.22697666	1.0
8.448	526.273875548	0.0
8.4582	526.320557052	1.0
8.4685	526.367476654	0.0
8.4787	526.413724303	1.0
8.489	526.460207837	1.0
8.4992	526.506025664	0.0
8.5094	526.551631119	0.0
8.5197	526.597469182	0.0
8.5299	526.642650783	1.0
8.5402	526.688062831	0.0
8.5504	526.732824517	0.0
8.5606	526.777378726	1.0
8.5709	526.822160182	0.0
8.5811	526.866300307	0.0
8.5914	526.910665567	1.0
8.6016	526.954395457	0.0
8.6118	526.997922653	0.0
8.6221	527.041671857	2.0
8.6323	527.084794513	0.0
8.6426	527.128137115	2.0
8.6528	527.170858993	2.0
8.663	527.213382848	0.0
8.6733	527.256123595	1.0
8.6835	527.298252236	2.0
8.6938	527.340595753	1.0
8.704	527.382332854	1.0
8.7142	527.423876497	1.0
8.7245	527.465632032	0.0
8.7347	527.506789572	0.0
8.745	527.548157034	2.0
8.7552	527.588932058	0.0
8.7654	527.629518084	0.0
8.7757	527.670311117	1.0
8.7859	527.710519939	0.0
8.7962	527.750933844	0.0
8.8064	527.790768968	0.0
8.8166	527.830419451	1.0
8.8269	527.870272169	0.0
8.8371	527.909554142	0.0
8.8474	527.949036472	0.0
8.8576	527.987953361	0.0
8.8678	528.026689865	1.0
8.8781	528.065623943	0.0
8.8883	528.104000433	0.0
8.8986	528.14257266	1.0
8.9088	528.180592481	0.0
8.919	528.218436074	0.0
8.9293	528.256472688	1.0
8.9395	528.293964565	3.0
8.9498	528.331647669	1.0
8.96	528.3687911	1.0
8.9702	528.405762365	0.0
8.9805	528.442922201	1.0
8.9907	528.479549858	1.0
9.001	528.516364333	2.0
9.0112	528.552651575	0.0
9.0214	528.588770621	0.0
9.0317	528.62507389	0.0
9.0419	528.660857248	1.0
9.0522	528.696823117	0.0
9.0624	528.732273906	2.0
9.0726	528.767560376	2.0
9.0829	528.803026823	0.0
9.0931	528.837985343	2.0
9.1034	528.873122167	1.0
9.1136	528.907755784	0.0
9.1238	528.94222887	0.0
9.1341	528.976877784	1.0
9.1443	529.01103048	0.0
9.1546	529.045357369	1.0
9.1648	529.079192651	0.0
9.175	529.112871102	1.0
9.1853	529.146721329	0.0
9.1955	529.180086774	1.0
9.2058	529.213622399	1.0
9.216	529.246677748	1.0
9.2262	529.279579881	1.0
9.2365	529.31264983	1.0
9.2467	529.345246173	0.0
9.257	529.378008772	1.0
9.2672	529.410302167	1.0
9.2774	529.442445877	1.0
9.2877	529.474753535	0.0
9.2979	529.506598503	0.0
9.3082	529.538605896	0.0
9.3184	529.570154899	0.0
9.3286	529.601557669	1.0
9.3389	529.633120606	1.0
9.3491	529.664231521	0.0
9.3594	529.695501115	0.0
9.3696	529.726322886	1.0
9.3798	529.757001794	1.0
9.3901	529.787837178	0.0
9.4003	529.818230958	1.0
9.4106	529.848779761	1.0
9.4208	529.878891063	1.0
9.431	529.908862796	1.0
9.4413	529.938987397	0.0
9.4515	529.968680574	0.0
9.4618	529.9985252	1.0
9.472	530.027942411	0.0
9.4822	530.057223268	0.0
9.4925	530.086653471	1.0
9.5027	530.115662195	0.0
9.513	530.144818876	1.0
9.5232	530.173557994	0.0
9.5334	530.202163902	0.0
9.5437	530.230915713	0.0
9.5539	530.25925576	0.0
9.5642	530.287740354	1.0
9.5744	530.31581701	1.0
9.5846	530.343763527	1.0
9.5949	530.371852583	1.0
9.6051	530.399539367	0.0
9.6154	530.427367366	0.0
9.6256	530.454796831	0.0
9.6358	530.482099156	1.0
9.6461	530.509540735	2.0
9.6563	530.536589314	0.0
9.6666	530.563775854	2.0
9.6768	530.590573045	0.0
9.687	530.617246028	0.0
9.6973	530.644055055	0.0
9.7075	530.67048014	1.0
9.7178	530.697040006	2.0
9.728	530.723219498	0.0
9.7382	530.749277645	1.0
9.7485	530.775468701	2.0
9.7587	530.801284665	0.0
9.769	530.827232302	0.0
9.7792	530.852808335	1.0
9.7894	530.878265819	0.0
9.7997	530.903853147	1.0
9.8099	530.929074031	0.0
9.8202	530.954423552	0.0
9.8304	530.979410035	0.0
9.8406	531.004280701	0.0
9.8509	531.029278219	2.0
9.8611	531.05391774	0.0
9.8714	531.078682933	2.0
9.8816	531.103093455	2.0
9.8918	531.12739083	2.0
9.9021	531.151812134	2.0
9.9123	531.175883691	0.0
9.9226	531.200078025	1.0
9.9328	531.223925863	0.0
9.943	531.247663163	0.0
9.9533	531.271521534	1.0
9.9635	531.295038221	1.0
9.9738	531.318674854	0.0
9.984	531.341972979	0.0
9.9942	531.365163113	1.0
10.0045	531.388471528	1.0
10.0147	531.411446134	2.0
10.025	531.434537922	2.0
10.0352	531.457299005	2.0
10.0454	531.479954586	2.0
10.0557	531.502725721	1.0
10.0659	531.525170743	3.0
10.0762	531.547730245	2.0
10.0864	531.569966665	0.0
10.0966	531.592100015	1.0
10.1069	531.614346256	0.0
10.1171	531.6362739	1.0
10.1274	531.658313386	0.0
10.1376	531.680037236	1.0
10.1478	531.701660393	0.0
10.1581	531.723393839	1.0
10.1683	531.744816032	0.0
10.1786	531.766347488	0.0
10.1888	531.787570585	0.0
10.199	531.808695309	0.0
10.2093	531.829927779	1.0
10.2195	531.850856172	0.0
10.2298	531.871891309	1.0
10.24	531.892625195	0.0
10.2502	531.913262976	1.0
10.2605	531.934006019	1.0
10.2707	531.954451994	1.0
10.281	531.975002253	0.0
10.2912	531.995258204	1.0
10.3014	532.015420267	0.0
10.3117	532.035685164	1.0
10.3219	532.055659842	0.0
10.3322	532.075736399	1.0
10.3424	532.095525433	0.0
10.3526	532.115222742	0.0
10.3629	532.135020516	0.0
10.3731	532.15453476	0.0
10.3834	532.174148535	2.0
10.3936	532.193481414	2.0
10.4038	532.212724683	0.0
10.4141	532.232066101	0.0
10.4243	532.251130524	2.0
10.4346	532.270292184	0.0
10.4448	532.289179424	1.0
10.455	532.307979118	0.0
10.4653	532.3268747	0.0
10.4755	532.345499671	1.0
10.4858	532.364219638	2.0
10.496	532.382671511	2.0
10.5062	532.401037856	0.0
10.5165	532.419497877	0.0
10.5267	532.437693527	1.0
10.537	532.455981982	1.0
10.5472	532.474008523	1.0
10.5574	532.491951507	1.0
10.5677	532.50998601	0.0
10.5779	532.527762233	1.0
10.5882	532.545629124	0.0
10.5984	532.563240137	2.0
10.6086	532.58076952	1.0
10.6189	532.598388311	0.0
10.6291	532.615754777	0.0
10.6394	532.63320982	0.0
10.6496	532.650414884	0.0
10.6598	532.667540199	1.0
10.6701	532.684752862	0.0
10.6803	532.701719015	1.0
10.6906	532.718771705	1.0
10.7008	532.735580176	1.0
10.711	532.752310738	0.0
10.7213	532.769126634	1.0
10.7315	532.785701703	1.0
10.7418	532.802361312	3.0
10.752	532.818782334	0.0
10.7622	532.835127242	0.0
10.7725	532.851555516	1.0
10.7827	532.867748516	1.0
10.793	532.884024107	0.0
10.8032	532.900066609	0.0
10.8134	532.916034753	0.0
10.8237	532.932084341	0.0
10.8339	532.947904077	1.0
10.8442	532.963804502	0.0
10.8544	532.979477211	0.0
10.8646	532.995077274	1.0
10.8749	533.010756905	0.0
10.8851	533.026211983	3.0
10.8954	533.041745889	0.0
10.9056	533.057057328	0.0
10.9158	533.072297796	1.0
10.9261	533.087615998	1.0
10.9363	533.102714823	3.0
10.9466	533.117890658	3.0
10.9568	533.132849156	2.0
10.967	533.147738318	0.0
10.9773	533.162703422	0.0
10.9875	533.177454205	0.0
10.9978	533.192280224	1.0
11.008	533.206893915	1.0
11.0182	533.221439869	1.0
11.0285	533.236060014	0.0
11.0387	533.250470779	1.0
11.049	533.264955046	2.0
11.0592	533.279231878	1.0
11.0694	533.293442535	1.0
11.0797	533.307725673	1.0
11.0899	533.321804257	0.0
11.1002	533.335954649	0.0
11.1104	533.349902387	2.0
11.1206	533.363785476	0.0
11.1309	533.377739375	0.0
11.1411	533.391493436	2.0
11.1514	533.405317648	0.0
11.1616	533.41894388	0.0
11.1718	533.432506951	0.0
11.1821	533.446139201	0.0
11.1923	533.459576218	0.0
11.2026	533.47308177	4.0
11.2128	533.486393905	1.0
11.223	533.499644336	0.0
11.2333	533.51296235	0.0
11.2435	533.526089632	0.0
11.2538	533.53928387	0.0
11.264	533.552289148	0.0
11.2742	533.565234145	1.0
11.2845	533.578245167	0.0
11.2947	533.591069854	1.0
11.305	533.603959953	0.0
11.3152	533.616665448	0.0
11.3254	533.629312051	2.0
11.3357	533.642023158	2.0
11.3459	533.654552224	0.0
11.3562	533.667145195	1.0
11.3664	533.679557817	1.0
11.3766	533.691912905	0.0
11.3869	533.70433101	2.0
11.3971	533.716571271	0.0
11.4074	533.728873962	1.0
11.4176	533.741000463	0.0
11.4278	533.753070755	0.0
11.4381	533.765202612	0.0
11.4483	533.777160723	1.0
11.4586	533.789179827	1.0
11.4688	533.801026801	0.0
11.479	533.812818863	0.0
11.4893	533.824671069	1.0
11.4995	533.836353536	1.0
11.5098	533.848095589	0.0
11.52	533.85966948	2.0
11.5302	533.871189724	0.0
11.5405	533.882768727	0.0
11.5507	533.894181903	0.0
11.561	533.905653291	1.0
11.5712	533.916960394	1.0
11.5814	533.928215086	1.0
11.5917	533.939527183	0.0
11.6019	533.950677275	1.0
11.6122	533.961884238	2.0
11.6224	533.972930702	2.0
11.6326	533.983925963	2.0
11.6429	533.994977306	0.0
11.6531	534.005870379	0.0
11.6634	534.016819011	1.0
11.6736	534.027610845	0.0
11.6838	534.038352656	0.0
11.6941	534.049149256	1.0
11.7043	534.059791234	1.0
11.7146	534.070487491	1.0
11.7248	534.081030563	0.0
11.735	534.091524766	0.0
11.7453	534.102072495	2.0
11.7555	534.112469165	3.0
11.7658	534.122918864	1.0
11.776	534.133218909	2.0
11.7862	534.143471212	1.0
11.7965	534.153775806	0.0
11.8067	534.163932825	1.0
11.817	534.174141649	1.0
11.8272	534.184204268	1.0
11.8374	534.194220247	1.0
11.8477	534.204287311	1.0
11.8579	534.214210201	0.0
11.8682	534.224183703	0.0
11.8784	534.234014371	0.0
11.8886	534.243799472	2.0
11.8989	534.253634481	2.0
11.9091	534.26332864	0.0
11.9194	534.273072244	0.0
11.9296	534.282676306	0.0
11.9398	534.292235852	1.0
11.9501	534.301844156	0.0
11.9603	534.311314856	1.0
11.9706	534.320833861	0.0
11.9808	534.330216542	0.0
11.991	534.339555732	0.0
12.0013	534.348942556	0.0
12.0115	534.358194948	0.0
12.0218	534.367494532	2.0
12.032	534.376660933	0.0
12.0422	534.385784846	0.0
12.0525	534.394955296	2.0
12.0627	534.403994412	0.0
12.073	534.413079632	1.0
12.0832	534.42203474	2.0
12.0934	534.430948339	0.0
12.1037	534.439907402	1.0
12.1139	534.448738159	1.0
12.1242	534.457613957	1.0
[END DATA]
