TL-DOS Lehrstuhlversuch
detector=R1407504
job_number=2015-11-17-002
irradiation_dose [mSv]=0.05

[BEGIN DATA]
time [sec] 	 temperature [K] 	 photoncount 
0.0	148.553867097	0.0
0.0102	150.336820682	0.0
0.0205	152.129355439	0.0
0.0307	153.896699127	2.0
0.041	155.673540103	1.0
0.0512	157.425410559	0.0
0.0614	159.169632685	0.0
0.0717	160.923227848	1.0
0.0819	162.652179173	1.0
0.0922	164.390421474	2.0
0.1024	166.104235696	0.0
0.1126	167.810567733	2.0
0.1229	169.526069194	0.0
0.1331	171.217462162	0.0
0.1434	172.917944274	0.0
0.1536	174.594528964	4.0
0.1638	176.263794007	1.0
0.1741	177.942029285	0.0
0.1843	179.596679781	0.0
0.1946	181.260221979	0.0
0.2048	182.900385882	1.0
0.215	184.533389143	1.0
0.2253	186.175167777	1.0
0.2355	187.793873968	0.0
0.2458	189.421278703	0.0
0.256	191.025812995	0.0
0.2662	192.623342197	0.0
0.2765	194.229456144	1.0
0.2867	195.812998853	1.0
0.297	197.405051147	0.0
0.3072	198.974729817	1.0
0.3174	200.537555571	0.0
0.3277	202.10877958	0.0
0.3379	203.657922673	0.0
0.3482	205.215390494	0.0
0.3584	206.750970718	0.0
0.3686	208.279846893	2.0
0.3789	209.816938886	0.0
0.3891	211.332429631	0.0
0.3994	212.856064265	0.0
0.4096	214.35828677	0.0
0.4198	215.853950859	0.0
0.4301	217.357652294	1.0
0.4403	218.840221728	0.0
0.4506	220.330758139	0.0
0.4608	221.800347562	0.0
0.471	223.263521039	0.0
0.4813	224.734557265	0.0
0.4915	226.184920544	0.0
0.5018	227.643077732	0.0
0.512	229.080742968	0.0
0.5222	230.512131633	0.0
0.5325	231.951212242	0.0
0.5427	233.370068987	0.0
0.553	234.796550333	0.0
0.5632	236.202984878	0.0
0.5734	237.603279198	0.0
0.5837	239.011098369	0.0
0.5939	240.399133003	0.0
0.6042	241.794626607	0.0
0.6144	243.170508891	0.0
0.6246	244.540384335	1.0
0.6349	245.917621166	0.0
0.6451	247.275503245	1.0
0.6554	248.64068226	0.0
0.6656	249.986675975	0.0
0.6758	251.32679334	0.0
0.6861	252.674112177	0.0
0.6963	254.00249671	0.0
0.7066	255.338019666	0.0
0.7168	256.654774089	0.0
0.727	257.965779813	0.0
0.7373	259.283830573	0.0
0.7475	260.58335834	0.0
0.7578	261.889869462	0.0
0.768	263.178019763	0.0
0.7782	264.460546246	0.0
0.7885	265.749964723	0.0
0.7987	267.021262587	0.0
0.809	268.299392105	0.0
0.8192	269.559559657	0.0
0.8294	270.814225558	0.0
0.8397	272.075633738	0.0
0.8499	273.319314942	0.0
0.8602	274.569679395	0.0
0.8704	275.802472073	0.0
0.8806	277.029882615	0.0
0.8909	278.26388897	1.0
0.9011	279.480553437	0.0
0.9114	280.703755971	0.0
0.9216	281.909768445	0.0
0.9318	283.1105157	0.0
0.9421	284.317715487	0.0
0.9523	285.507950106	1.0
0.9626	286.704580765	0.0
0.9728	287.884394787	0.0
0.983	289.059057967	1.0
0.9933	290.24003351	0.0
1.0035	291.404412423	0.0
1.0138	292.575048432	0.0
1.024	293.729233117	0.0
1.0342	294.878378852	1.0
1.0445	296.033699825	0.0
1.0547	297.1727847	0.0
1.065	298.317990748	0.0
1.0752	299.447102846	1.0
1.0854	300.571285457	1.0
1.0957	301.701509159	1.0
1.1059	302.815849464	0.0
1.1162	303.93617797	0.0
1.1264	305.040762138	0.0
1.1366	306.140523904	0.0
1.1469	307.246195529	0.0
1.1571	308.336328795	0.0
1.1674	309.432320179	0.0
1.1776	310.512909243	0.0
1.1878	311.588780662	0.0
1.1981	312.670433559	1.0
1.2083	313.73688564	0.0
1.2186	314.809068583	0.0
1.2288	315.866183793	0.0
1.239	316.91868384	1.0
1.2493	317.976839774	0.0
1.2595	319.020125101	0.0
1.2698	320.069016797	0.0
1.28	321.103168081	0.0
1.2902	322.132804457	0.0
1.3005	323.167973857	0.0
1.3107	324.188595687	1.0
1.321	325.214702097	1.0
1.3312	326.226388304	1.0
1.3414	327.233657682	2.0
1.3517	328.246339887	0.0
1.3619	329.244790544	0.0
1.3722	330.248606638	0.0
1.3824	331.238315781	0.0
1.3926	332.223704044	2.0
1.4029	333.21438755	1.0
1.4131	334.191148661	0.0
1.4234	335.173158656	2.0
1.4336	336.141368148	0.0
1.4438	337.105350623	1.0
1.4541	338.074513311	0.0
1.4643	339.030056044	0.0
1.4746	339.990733638	1.0
1.4848	340.93791052	3.0
1.495	341.880952209	1.0
1.5053	342.829061581	1.0
1.5155	343.763846867	2.0
1.5258	344.703655468	1.0
1.536	345.630256636	1.0
1.5462	346.55281244	1.0
1.5565	347.480325841	1.0
1.5667	348.394804598	1.0
1.577	349.314197547	1.0
1.5872	350.220669971	1.0
1.5974	351.12318491	1.0
1.6077	352.03054975	3.0
1.6179	352.9251631	2.0
1.6282	353.824583891	1.0
1.6384	354.711364832	1.0
1.6486	355.594274257	2.0
1.6589	356.481928228	4.0
1.6691	357.357107712	1.0
1.6794	358.236990204	3.0
1.6896	359.104507424	1.0
1.6998	359.968237229	1.0
1.7101	360.836608514	6.0
1.7203	361.692776298	5.0
1.7306	362.553544925	1.0
1.7408	363.402216893	1.0
1.751	364.247183722	2.0
1.7613	365.096691203	2.0
1.7715	365.934260282	7.0
1.7818	366.776330258	4.0
1.792	367.606566354	2.0
1.8022	368.433177798	2.0
1.8125	369.264231257	4.0
1.8227	370.083605654	5.0
1.833	370.907383174	6.0
1.8432	371.719583884	5.0
1.8534	372.528238682	5.0
1.8637	373.341238998	5.0
1.8739	374.14281396	6.0
1.8842	374.948696395	8.0
1.8944	375.743253506	2.0
1.9046	376.534341732	6.0
1.9149	377.329681079	1.0
1.9251	378.113843266	7.0
1.9354	378.902219355	6.0
1.9456	379.679516141	5.0
1.9558	380.453419398	8.0
1.9661	381.231481428	5.0
1.9763	381.998609102	9.0
1.9866	382.769859139	4.0
1.9968	383.53027055	8.0
2.007	384.287362151	7.0
2.0173	385.048522182	5.0
2.0275	385.798985387	7.0
2.0378	386.553481404	10.0
2.048	387.297374245	9.0
2.0582	388.038019392	10.0
2.0685	388.782644591	6.0
2.0787	389.516805332	12.0
2.089	390.25491128	5.0
2.0992	390.982644387	9.0
2.1094	391.70720035	8.0
2.1197	392.435649906	13.0
2.1299	393.153862325	16.0
2.1402	393.875934249	13.0
2.1504	394.587858663	13.0
2.1606	395.296674951	17.0
2.1709	396.00930025	6.0
2.1811	396.711910797	6.0
2.1914	397.418297006	15.0
2.2016	398.114756142	8.0
2.2118	398.808174671	10.0
2.2221	399.505319468	7.0
2.2323	400.192667064	8.0
2.2426	400.883708303	11.0
2.2528	401.565038117	18.0
2.263	402.243393376	8.0
2.2733	402.925393955	9.0
2.2835	403.597810161	13.0
2.2938	404.273839772	16.0
2.304	404.940368921	14.0
2.3142	405.603988132	15.0
2.3245	406.271173476	19.0
2.3347	406.928982648	18.0
2.345	407.590326732	24.0
2.3552	408.242376734	9.0
2.3654	408.891580011	11.0
2.3757	409.544271953	10.0
2.3859	410.187791405	9.0
2.3962	410.834768977	9.0
2.4064	411.472654366	14.0
2.4166	412.107754869	9.0
2.4269	412.746268252	9.0
2.4371	413.375808401	5.0
2.4474	414.00873155	9.0
2.4576	414.632760026	11.0
2.4678	415.254064113	12.0
2.4781	415.878706941	9.0
2.4883	416.494571462	8.0
2.4986	417.113745494	8.0
2.5088	417.724218074	10.0
2.519	418.332025447	12.0
2.5293	418.943099033	9.0
2.5395	419.545585005	5.0
2.5498	420.151308594	9.0
2.56	420.748519755	8.0
2.5702	421.343123606	10.0
2.5805	421.940922717	5.0
2.5907	422.530320765	8.0
2.601	423.122886099	10.0
2.6112	423.707123921	4.0
2.6214	424.288811073	7.0
2.6317	424.873624074	7.0
2.6419	425.45021851	6.0
2.6522	426.029911427	9.0
2.6624	426.601457733	14.0
2.6726	427.170508778	3.0
2.6829	427.742617768	13.0
2.6931	428.306686726	8.0
2.7034	428.873786858	5.0
2.7136	429.432917349	15.0
2.7238	429.989606783	6.0
2.7341	430.549287734	6.0
2.7443	431.101103309	13.0
2.7546	431.65588421	9.0
2.7648	432.202868596	8.0
2.775	432.747464953	10.0
2.7853	433.294987842	8.0
2.7955	433.834816216	13.0
2.8058	434.3775455	8.0
2.816	434.912647634	8.0
2.8262	435.445413615	6.0
2.8365	435.981042554	9.0
2.8467	436.509144127	15.0
2.857	437.040083593	10.0
2.8672	437.563561596	17.0
2.8774	438.084754194	15.0
2.8877	438.608747558	11.0
2.8979	439.125377074	10.0
2.9082	439.644782835	17.0
2.9184	440.15688922	4.0
2.9286	440.666759846	11.0
2.9389	441.179370396	12.0
2.9491	441.684777066	9.0
2.9594	442.192899671	12.0
2.9696	442.693881465	20.0
2.9798	443.192676069	11.0
2.9901	443.694151077	13.0
3.0003	444.188578695	7.0
3.0106	444.68566325	18.0
3.0208	445.175762116	14.0
3.031	445.663721304	9.0
3.0413	446.15430267	12.0
3.0515	446.637989737	14.0
3.0618	447.124276025	17.0
3.072	447.603728374	13.0
3.0822	448.081087526	9.0
3.0925	448.561011894	10.0
3.1027	449.03419173	15.0
3.113	449.509914322	11.0
3.1232	449.978951431	15.0
3.1334	450.445940815	7.0
3.1437	450.915439688	14.0
3.1539	451.378340543	18.0
3.1642	451.843728918	12.0
3.1744	452.30257704	11.0
3.1846	452.759421918	11.0
3.1949	453.218721774	16.0
3.2051	453.67156694	7.0
3.2154	454.126845589	7.0
3.2256	454.57572606	11.0
3.2358	455.022646806	13.0
3.2461	455.471969198	11.0
3.2563	455.914977117	12.0
3.2666	456.360365656	9.0
3.2768	456.799495007	7.0
3.287	457.236707203	15.0
3.2973	457.676268874	10.0
3.3075	458.109653243	14.0
3.3178	458.545366517	12.0
3.328	458.974956573	6.0
3.3382	459.40267112	15.0
3.3485	459.832684104	10.0
3.3587	460.256653977	11.0
3.369	460.682902164	4.0
3.3792	461.103160148	9.0
3.3894	461.521583366	14.0
3.3997	461.942255092	3.0
3.4099	462.357014982	14.0
3.4202	462.774003693	8.0
3.4304	463.185132329	7.0
3.4406	463.594466055	5.0
3.4509	464.005999443	12.0
3.4611	464.411749421	12.0
3.4714	464.819679803	12.0
3.4816	465.221877408	14.0
3.4918	465.622319095	7.0
3.5021	466.024912661	12.0
3.5123	466.42184845	4.0
3.5226	466.820917278	10.0
3.5328	467.214377863	9.0
3.543	467.606120675	7.0
3.5533	467.999968619	7.0
3.5635	468.388281692	14.0
3.5738	468.778681468	9.0
3.584	469.163594829	17.0
3.5942	469.546827733	15.0
3.6045	469.932120039	11.0
3.6147	470.311997709	13.0
3.625	470.693916751	10.0
3.6352	471.070468563	15.0
3.6454	471.445376421	8.0
3.6557	471.822298945	12.0
3.6659	472.193924455	13.0
3.6762	472.567546993	10.0
3.6864	472.935918893	11.0
3.6966	473.302682552	10.0
3.7069	473.671417113	6.0
3.7171	474.034969727	9.0
3.7274	474.400475988	14.0
3.7376	474.760845671	10.0
3.7478	475.119642049	11.0
3.7581	475.480366514	12.0
3.7683	475.836021602	4.0
3.7786	476.193587896	8.0
3.7888	476.546129196	8.0
3.799	476.897131368	9.0
3.8093	477.250019743	7.0
3.8195	477.597948864	11.0
3.8298	477.947747673	9.0
3.84	478.292630648	8.0
3.8502	478.636007929	11.0
3.8605	478.981230438	8.0
3.8707	479.321601425	8.0
3.881	479.663801484	7.0
3.8912	480.001192496	11.0
3.9014	480.337110523	9.0
3.9117	480.674833695	10.0
3.9219	481.007810733	4.0
3.9322	481.342577112	11.0
3.9424	481.672638911	6.0
3.9526	482.001259723	10.0
3.9629	482.331646466	9.0
3.9731	482.657390178	8.0
3.9834	482.984884359	8.0
3.9936	483.307776159	5.0
4.0038	483.629258275	12.0
4.0141	483.95246796	6.0
4.0243	484.271135475	10.0
4.0346	484.591515434	12.0
4.0448	484.907392991	9.0
4.055	485.221891486	8.0
4.0653	485.538080022	4.0
4.0755	485.849825058	4.0
4.0858	486.163245339	12.0
4.096	486.472261024	4.0
4.1062	486.779927605	7.0
4.1165	487.089247513	7.0
4.1267	487.39422045	5.0
4.137	487.700832238	8.0
4.1472	488.003135113	6.0
4.1574	488.304118191	10.0
4.1677	488.606718681	15.0
4.1779	488.905066628	8.0
4.1882	489.205017828	3.0
4.1984	489.500753716	4.0
4.2086	489.795198478	14.0
4.2189	490.091225516	10.0
4.2291	490.383092391	6.0
4.2394	490.67652769	13.0
4.2496	490.965839248	9.0
4.2598	491.253887727	10.0
4.2701	491.54348411	4.0
4.2803	491.829010703	5.0
4.2906	492.116071647	7.0
4.3008	492.399098432	8.0
4.311	492.680889576	6.0
4.3213	492.964194999	12.0
4.3315	493.243519039	10.0
4.3418	493.524344101	10.0
4.352	493.801222638	9.0
4.3622	494.076892376	9.0
4.3725	494.354043498	1.0
4.3827	494.627299726	7.0
4.393	494.902024368	12.0
4.4032	495.172888217	9.0
4.4134	495.442569526	10.0
4.4237	495.713700038	9.0
4.4339	495.981020266	5.0
4.4442	496.24977701	7.0
4.4544	496.514756828	8.0
4.4646	496.778579795	8.0
4.4749	497.043820485	6.0
4.4851	497.305333662	8.0
4.4954	497.568252149	5.0
4.5056	497.827475757	4.0
4.5158	498.085567645	9.0
4.5261	498.345046458	10.0
4.5363	498.600878731	6.0
4.5466	498.858085786	7.0
4.5568	499.111678228	6.0
4.567	499.364163534	5.0
4.5773	499.618005636	7.0
4.5875	499.868280413	7.0
4.5978	500.119900108	5.0
4.608	500.36798371	4.0
4.6182	500.614984227	7.0
4.6285	500.863312066	3.0
4.6387	501.108150074	5.0
4.649	501.354303783	6.0
4.6592	501.596998215	8.0
4.6694	501.83863309	13.0
4.6797	502.081566453	6.0
4.6899	502.321085796	8.0
4.7002	502.561892258	10.0
4.7104	502.79931459	7.0
4.7206	503.035700382	8.0
4.7309	503.273356455	5.0
4.7411	503.50767267	9.0
4.7514	503.743248046	5.0
4.7616	503.975512805	1.0
4.7718	504.20676354	5.0
4.7821	504.439256962	5.0
4.7923	504.668483079	5.0
4.8026	504.898941003	4.0
4.8128	505.126160228	4.0
4.823	505.352387457	12.0
4.8333	505.579830378	6.0
4.8435	505.80407697	5.0
4.8538	506.02952861	7.0
4.864	506.251811905	4.0
4.8742	506.473124755	5.0
4.8845	506.695626887	9.0
4.8947	506.915002125	8.0
4.905	507.135556234	7.0
4.9152	507.353010825	5.0
4.9254	507.56951605	5.0
4.9357	507.787184724	5.0
4.9459	508.001794429	4.0
4.9562	508.217557397	4.0
4.9664	508.430288178	5.0
4.9766	508.642090217	7.0
4.9869	508.85503043	4.0
4.9971	509.064978126	7.0
5.0074	509.276054031	7.0
5.0176	509.484163618	5.0
5.0278	509.691364638	7.0
5.0381	509.899679108	7.0
5.0483	510.105066068	6.0
5.0586	510.311556729	7.0
5.0688	510.515145509	3.0
5.079	510.717845461	2.0
5.0893	510.921634673	2.0
5.0995	511.122559971	3.0
5.1098	511.324564993	2.0
5.12	511.523731173	3.0
5.1302	511.722027833	5.0
5.1405	511.921390091	2.0
5.1507	512.117950648	3.0
5.161	512.315567474	3.0
5.1712	512.510407128	1.0
5.1814	512.704396149	4.0
5.1917	512.899427621	3.0
5.2019	513.091718253	3.0
5.2122	513.285042209	1.0
5.2224	513.475649322	0.0
5.2326	513.66542428	6.0
5.2429	513.856219044	2.0
5.2531	514.044332508	4.0
5.2634	514.233456849	1.0
5.2736	514.419923365	2.0
5.2838	514.605575804	6.0
5.2941	514.792225895	2.0
5.3043	514.976252932	2.0
5.3146	515.161268887	3.0
5.3248	515.343684753	1.0
5.335	515.525304226	2.0
5.3453	515.70789968	4.0
5.3555	515.88792906	5.0
5.3658	516.068925876	4.0
5.376	516.247379086	3.0
5.3862	516.425053203	1.0
5.3965	516.603682098	3.0
5.4067	516.779800665	2.0
5.417	516.95686565	6.0
5.4272	517.131442285	1.0
5.4374	517.305256751	2.0
5.4477	517.480005255	1.0
5.4579	517.652297962	3.0
5.4682	517.82551653	5.0
5.4784	517.996300801	1.0
5.4886	518.16633946	4.0
5.4989	518.337291867	2.0
5.5091	518.505841825	2.0
5.5194	518.675297531	2.0
5.5296	518.842371821	2.0
5.5398	519.008716696	0.0
5.5501	519.17595547	2.0
5.5603	519.340843983	2.0
5.5706	519.506618568	2.0
5.5808	519.670063469	3.0
5.591	519.832794802	2.0
5.6013	519.996400614	1.0
5.6115	520.15770722	0.0
5.6218	520.319880651	0.0
5.632	520.479775006	1.0
5.6422	520.638971292	2.0
5.6525	520.799023062	0.0
5.6627	520.956825573	1.0
5.673	521.115476077	3.0
5.6832	521.271897015	2.0
5.6934	521.427635049	1.0
5.7037	521.584209982	0.0
5.7139	521.738584517	1.0
5.7242	521.893788624	0.0
5.7344	522.046811598	4.0
5.7446	522.199166503	2.0
5.7549	522.352340128	0.0
5.7651	522.503361154	2.0
5.7754	522.655193731	0.0
5.7856	522.804892556	1.0
5.7958	522.953937825	3.0
5.8061	523.103784027	2.0
5.8163	523.251524393	1.0
5.8266	523.400058681	1.0
5.8368	523.546505568	2.0
5.847	523.692313097	3.0
5.8573	523.83890416	2.0
5.8675	523.983435132	0.0
5.8778	524.128742779	1.0
5.888	524.272008371	0.0
5.8982	524.414648493	2.0
5.9085	524.55805513	1.0
5.9187	524.699446426	4.0
5.929	524.841597526	1.0
5.9392	524.981750931	0.0
5.9494	525.121292453	2.0
5.9597	525.261583838	1.0
5.9699	525.399903663	1.0
5.9802	525.538966786	1.0
5.9904	525.67607561	1.0
6.0006	525.812585843	2.0
6.0109	525.94982965	0.0
6.0211	526.085144726	2.0
6.0314	526.221186953	0.0
6.0416	526.355317334	2.0
6.0518	526.488862128	2.0
6.0621	526.62312456	0.0
6.0723	526.755500159	2.0
6.0826	526.888587113	0.0
6.0928	527.019803754	1.0
6.103	527.150447527	0.0
6.1133	527.281793349	0.0
6.1235	527.411293326	3.0
6.1338	527.541489206	1.0
6.144	527.6698554	1.0
6.1542	527.797661173	0.0
6.1645	527.926153743	1.0
6.1747	528.052840566	2.0
6.185	528.180208174	1.0
6.1952	528.305785844	1.0
6.2054	528.430815266	0.0
6.2157	528.556516567	3.0
6.2259	528.680451346	0.0
6.2362	528.805052122	0.0
6.2464	528.927901843	2.0
6.2566	529.050215226	1.0
6.2669	529.173185891	1.0
6.2771	529.294428411	0.0
6.2874	529.416322459	0.0
6.2976	529.53650349	0.0
6.3078	529.656159835	1.0
6.3181	529.776459184	1.0
6.3283	529.895067928	2.0
6.3386	530.014314047	0.0
6.3488	530.131884362	0.0
6.359	530.248941387	1.0
6.3693	530.366627449	0.0
6.3795	530.482659631	0.0
6.3898	530.599315343	0.0
6.4	530.714331654	0.0
6.4102	530.828845826	0.0
6.4205	530.943975371	1.0
6.4307	531.057486962	1.0
6.441	531.171608538	0.0
6.4512	531.284126327	0.0
6.4614	531.396152885	0.0
6.4717	531.508781446	1.0
6.4819	531.619827203	2.0
6.4922	531.731469693	1.0
6.5024	531.841543235	1.0
6.5126	531.951136217	0.0
6.5229	532.061318126	0.0
6.5331	532.169951613	0.0
6.5434	532.279168871	0.0
6.5536	532.386851263	0.0
6.5638	532.494063535	0.0
6.5741	532.60185194	0.0
6.5843	532.70812556	0.0
6.5946	532.814970269	1.0
6.6048	532.920313456	0.0
6.615	533.025196733	1.0
6.6253	533.130643629	0.0
6.6355	533.234608646	0.0
6.6458	533.339132346	0.0
6.656	533.442187141	0.0
6.6662	533.544792018	0.0
6.6765	533.64794827	1.0
6.6867	533.749654834	1.0
6.697	533.851907944	0.0
6.7072	533.952724059	3.0
6.7174	534.05310003	0.0
6.7277	534.154015398	1.0
6.7379	534.253512569	1.0
6.7482	534.353544415	0.0
6.7584	534.452170481	0.0
6.7686	534.550365964	1.0
6.7789	534.649089127	1.0
6.7891	534.746424902	0.0
6.7994	534.844283735	1.0
6.8096	534.940767327	2.0
6.8198	535.036829691	2.0
6.8301	535.13340827	1.0
6.8403	535.2286296	1.0
6.8506	535.324362627	0.0
6.8608	535.418750286	0.0
6.871	535.512725867	0.0
6.8813	535.607206451	3.0
6.8915	535.700359269	1.0
6.9018	535.794012667	1.0
6.912	535.886349925	1.0
6.9222	535.978284055	0.0
6.9325	536.070712218	0.0
6.9427	536.161841459	0.0
6.953	536.253460406	0.0
6.9632	536.343791802	0.0
6.9734	536.433728829	2.0
6.9837	536.524149157	1.0
6.9939	536.613298778	2.0
7.0042	536.702927468	0.0
7.0144	536.791296578	0.0
7.0246	536.879279884	0.0
7.0349	536.967735993	0.0
7.0451	537.054948999	1.0
7.0554	537.142630667	0.0
7.0656	537.229080117	1.0
7.0758	537.315152144	0.0
7.0861	537.401686703	0.0
7.0963	537.487005163	2.0
7.1066	537.572782105	0.0
7.1168	537.657353595	1.0
7.127	537.741555863	0.0
7.1373	537.826210614	0.0
7.1475	537.909675684	1.0
7.1578	537.993589276	0.0
7.168	538.076323603	0.0
7.1782	538.158696728	0.0
7.1885	538.241512507	1.0
7.1987	538.323164448	3.0
7.209	538.405255168	1.0
7.2192	538.486192241	1.0
7.2294	538.566775958	2.0
7.2397	538.647792713	0.0
7.2499	538.727670913	1.0
7.2602	538.80797836	1.0
7.2704	538.88715722	0.0
7.2806	538.9659904	1.0
7.2909	539.045247212	0.0
7.3011	539.123390202	1.0
7.3114	539.201953114	0.0
7.3216	539.279411956	1.0
7.3318	539.356532627	0.0
7.3421	539.434067727	3.0
7.3523	539.510513201	1.0
7.3626	539.587369475	1.0
7.3728	539.663145663	1.0
7.383	539.738591026	2.0
7.3933	539.814441816	0.0
7.4035	539.889226649	0.0
7.4138	539.964413359	0.0
7.424	540.038543445	1.0
7.4342	540.112349894	0.0
7.4445	540.186552961	2.0
7.4547	540.259713229	2.0
7.465	540.333266642	1.0
7.4752	540.405786386	0.0
7.4854	540.477989522	1.0
7.4957	540.550580661	1.0
7.5059	540.622151654	1.0
7.5162	540.694107252	2.0
7.5264	540.765051634	2.0
7.5366	540.835686288	0.0
7.5469	540.906700515	1.0
7.5571	540.976716756	3.0
7.5674	541.047109248	0.0
7.5776	541.116512491	0.0
7.5878	541.185612734	1.0
7.5981	541.255084304	1.0
7.6083	541.323579569	0.0
7.6186	541.39244291	1.0
7.6288	541.460338493	0.0
7.639	541.527937657	5.0
7.6493	541.595900083	1.0
7.6595	541.662907411	1.0
7.6698	541.73027482	0.0
7.68	541.796695494	0.0
7.6902	541.862826187	0.0
7.7005	541.929312252	0.0
7.7107	541.994863966	1.0
7.721	542.060767939	0.0
7.7312	542.125745743	0.0
7.7414	542.190439866	1.0
7.7517	542.255481641	0.0
7.7619	542.319609362	0.0
7.7722	542.38408169	0.0
7.7824	542.447647968	1.0
7.7926	542.510936728	0.0
7.8029	542.574565586	1.0
7.8131	542.637300248	0.0
7.8234	542.700372031	2.0
7.8336	542.762557446	0.0
7.8438	542.824471371	1.0
7.8541	542.886718007	2.0
7.8643	542.948089871	1.0
7.8746	543.009791533	1.0
7.8848	543.070626081	0.0
7.895	543.131195038	0.0
7.9053	543.192089478	1.0
7.9155	543.252128148	1.0
7.9258	543.312489452	0.0
7.936	543.37200248	2.0
7.9462	543.431255685	2.0
7.9565	543.490827302	0.0
7.9667	543.549561741	0.0
7.977	543.608611804	0.0
7.9872	543.666832018	1.0
7.9974	543.724798054	0.0
8.0077	543.783075585	2.0
8.0179	543.840534124	0.0
8.0282	543.898301431	2.0
8.0384	543.955256915	0.0
8.0486	544.011963743	2.0
8.0589	544.0689753	1.0
8.0691	544.125185655	0.0
8.0794	544.181698071	2.0
8.0896	544.2374163	1.0
8.0998	544.292891274	1.0
8.1101	544.348664357	0.0
8.1203	544.403653643	1.0
8.1306	544.458938429	0.0
8.1408	544.513446279	0.0
8.151	544.567716159	0.0
8.1613	544.622277672	0.0
8.1715	544.676072415	1.0
8.1818	544.730156238	2.0
8.192	544.783480004	0.0
8.2022	544.836570968	0.0
8.2125	544.889947231	0.0
8.2227	544.94257338	2.0
8.233	544.995482329	0.0
8.2432	545.047647732	1.0
8.2534	545.09958539	0.0
8.2637	545.151802149	1.0
8.2739	545.20328509	0.0
8.2842	545.255044687	0.0
8.2944	545.30607689	0.0
8.3046	545.356886297	0.0
8.3149	545.407968741	0.0
8.3251	545.458333307	0.0
8.3354	545.50896852	2.0
8.3456	545.558892141	1.0
8.3558	545.608597804	0.0
8.3661	545.658570574	1.0
8.3763	545.70784106	1.0
8.3866	545.757376315	0.0
8.3968	545.806215434	1.0
8.407	545.854841331	0.0
8.4173	545.903728533	1.0
8.4275	545.951928706	0.0
8.4378	546.000387896	0.0
8.448	546.048166074	0.0
8.4582	546.095735661	0.0
8.4685	546.143560876	2.0
8.4787	546.190713987	3.0
8.489	546.238120489	1.0
8.4992	546.284860771	0.0
8.5094	546.331396995	0.0
8.5197	546.378183293	0.0
8.5299	546.424312088	1.0
8.5402	546.470688768	0.0
8.5504	546.516413702	0.0
8.5606	546.561939009	1.0
8.5709	546.607708959	0.0
8.5811	546.652835689	2.0
8.5914	546.69820492	1.0
8.6016	546.742936562	0.0
8.6118	546.787472914	1.0
8.6221	546.832248594	0.0
8.6323	546.876395027	0.0
8.6426	546.920778692	0.0
8.6528	546.964538619	0.0
8.663	547.008107499	0.0
8.6733	547.051910508	1.0
8.6835	547.095097939	0.0
8.6938	547.13851745	1.0
8.704	547.181326771	0.0
8.7142	547.223949196	0.0
8.7245	547.266800663	0.0
8.7347	547.309049925	0.0
8.745	547.351526224	0.0
8.7552	547.39340559	2.0
8.7654	547.435102119	1.0
8.7757	547.477022715	2.0
8.7859	547.518354188	1.0
8.7962	547.559907766	1.0
8.8064	547.600877378	1.0
8.8166	547.641668125	0.0
8.8269	547.682678072	0.0
8.8371	547.723111693	0.0
8.8474	547.763762594	0.0
8.8576	547.803842215	0.0
8.8678	547.843746856	3.0
8.8781	547.883865936	0.0
8.8883	547.923421209	0.0
8.8986	547.963189042	0.0
8.9088	548.002398006	1.0
8.919	548.04143579	1.0
8.9293	548.080683355	0.0
8.9395	548.119379361	1.0
8.9498	548.15828331	2.0
8.96	548.196640529	0.0
8.9702	548.234830288	1.0
8.9805	548.27322527	1.0
8.9907	548.311080674	2.0
9.001	548.349139505	0.0
9.0112	548.386663483	1.0
9.0214	548.424023638	1.0
9.0317	548.461584558	0.0
9.0419	548.498617622	0.0
9.0522	548.535849693	1.0
9.0624	548.572558529	1.0
9.0726	548.609107102	2.0
9.0829	548.645852079	0.0
9.0931	548.682080666	0.0
9.1034	548.718503937	0.0
9.1136	548.754415341	0.0
9.1238	548.790169962	0.0
9.1341	548.826116719	1.0
9.1443	548.861558306	1.0
9.1546	548.897190347	2.0
9.1648	548.93232164	0.0
9.175	548.967299556	0.0
9.1853	549.002465435	0.0
9.1955	549.037137117	3.0
9.2058	549.071995116	3.0
9.216	549.106363244	0.0
9.2262	549.140581328	2.0
9.2365	549.174983292	0.0
9.2467	549.208901794	0.0
9.257	549.243002565	0.0
9.2672	549.276624108	1.0
9.2774	549.310098866	0.0
9.2877	549.343753508	0.0
9.2979	549.376935192	3.0
9.3082	549.410295186	3.0
9.3184	549.443186361	1.0
9.3286	549.475933939	0.0
9.3389	549.508857496	0.0
9.3491	549.541318367	1.0
9.3594	549.573953675	3.0
9.3696	549.606130348	1.0
9.3798	549.638166545	0.0
9.3901	549.670374896	2.0
9.4003	549.702130613	0.0
9.4106	549.734056977	0.0
9.4208	549.76553467	2.0
9.431	549.796874938	1.0
9.4413	549.828383621	0.0
9.4515	549.859449502	0.0
9.4618	549.890682324	0.0
9.472	549.921476221	0.0
9.4822	549.952135677	1.0
9.4925	549.98295989	1.0
9.5027	550.013350921	0.0
9.513	550.043905266	1.0
9.5232	550.074030221	0.0
9.5334	550.104023656	0.0
9.5437	550.134178269	1.0
9.5539	550.163909109	1.0
9.5642	550.193799716	3.0
9.5744	550.22327026	0.0
9.5846	550.252612142	2.0
9.5949	550.2821117	1.0
9.6051	550.311196691	0.0
9.6154	550.340437978	0.0
9.6256	550.369268328	0.0
9.6358	550.39797281	1.0
9.6461	550.426831543	0.0
9.6563	550.455284715	0.0
9.6666	550.483890787	0.0
9.6768	550.51209485	1.0
9.687	550.540175778	0.0
9.6973	550.568407608	1.0
9.7075	550.596242686	0.0
9.7178	550.624227343	1.0
9.728	550.651818723	1.0
9.7382	550.679289644	1.0
9.7485	550.706908187	1.0
9.7587	550.734138598	1.0
9.769	550.761515339	1.0
9.7792	550.788507346	0.0
9.7894	550.81538151	0.0
9.7997	550.84240009	0.0
9.8099	550.86903897	0.0
9.8202	550.895821	0.0
9.8304	550.922226654	2.0
9.8406	550.948517026	1.0
9.8509	550.974948676	1.0
9.8611	551.001008874	0.0
9.8714	551.027209112	0.0
9.8816	551.053041151	1.0
9.8918	551.078760412	2.0
9.9021	551.104617882	0.0
9.9123	551.130111968	1.0
9.9226	551.155743054	1.0
9.9328	551.181013938	1.0
9.943	551.206174494	3.0
9.9533	551.231470257	0.0
9.9635	551.256410531	1.0
9.9738	551.281484828	0.0
9.984	551.306206747	1.0
9.9942	551.330820735	0.0
10.0045	551.355566993	0.0
10.0147	551.379965484	1.0
10.025	551.404495087	0.0
10.0352	551.428679967	0.0
10.0454	551.452759261	1.0
10.0557	551.476967951	0.0
10.0659	551.500836428	0.0
10.0762	551.524833169	0.0
10.0864	551.548492677	0.0
10.0966	551.572048891	0.0
10.1069	551.595731691	0.0
10.1171	551.619081669	1.0
10.1274	551.642557124	1.0
10.1376	551.665702671	1.0
10.1478	551.688747169	2.0
10.1581	551.711915502	0.0
10.1683	551.734758244	0.0
10.1786	551.757723737	0.0
10.1888	551.780366488	1.0
10.199	551.802910386	0.0
10.2093	551.825575429	0.0
10.2195	551.847921953	1.0
10.2298	551.870388562	4.0
10.24	551.892539441	0.0
10.2502	551.914593613	2.0
10.2605	551.936766299	0.0
10.2707	551.958627385	0.0
10.281	551.980605947	0.0
10.2912	552.002275637	2.0
10.3014	552.023850722	0.0
10.3117	552.045541746	4.0
10.3219	552.06692794	1.0
10.3322	552.088429057	0.0
10.3424	552.109628013	0.0
10.3526	552.130734418	0.0
10.3629	552.151954243	2.0
10.3731	552.17287586	0.0
10.3834	552.193909904	0.0
10.3936	552.214648351	1.0
10.4038	552.235296257	0.0
10.4141	552.25605512	0.0
10.4243	552.276522252	1.0
10.4346	552.29709937	2.0
10.4448	552.317387311	0.0
10.455	552.337586678	0.0
10.4653	552.357894592	0.0
10.4755	552.377917113	1.0
10.4858	552.39804723	0.0
10.496	552.417894452	0.0
10.5062	552.437655024	0.0
10.5165	552.457521785	2.0
10.5267	552.477109353	1.0
10.537	552.496802179	0.0
10.5472	552.516218256	1.0
10.5574	552.535549565	0.0
10.5677	552.554984757	0.0
10.5779	552.57414682	1.0
10.5882	552.593411855	0.0
10.5984	552.612406152	1.0
10.6086	552.631317524	0.0
10.6189	552.650330521	0.0
10.6291	552.669076322	2.0
10.6394	552.687922859	0.0
10.6496	552.706504539	1.0
10.6598	552.725005095	0.0
10.6701	552.743605069	0.0
10.6803	552.761943651	0.0
10.6906	552.780380781	0.0
10.7008	552.798558808	0.0
10.711	552.816657473	0.0
10.7213	552.834853396	1.0
10.7315	552.852793605	0.0
10.7418	552.870830221	1.0
10.752	552.888613363	0.0
10.7622	552.906318867	0.0
10.7725	552.924119516	1.0
10.7827	552.941670007	0.0
10.793	552.95931481	0.0
10.8032	552.976711645	0.0
10.8134	552.994032529	1.0
10.8237	553.011446491	2.0
10.8339	553.028615729	4.0
10.8442	553.045877231	0.0
10.8544	553.062896151	1.0
10.8646	553.07984077	1.0
10.8749	553.096876445	1.0
10.8851	553.113672712	0.0
10.8954	553.130559238	0.0
10.9056	553.147208453	1.0
10.9158	553.16378498	1.0
10.9261	553.180450586	0.0
10.9363	553.196881985	0.0
10.9466	553.213401682	2.0
10.9568	553.229689222	1.0
10.967	553.245905654	2.0
10.9773	553.262209229	0.0
10.9875	553.278283685	0.0
10.9978	553.294444522	0.0
11.008	553.310378245	0.0
11.0182	553.326242404	1.0
11.0285	553.342191813	0.0
11.0387	553.357917081	0.0
11.049	553.373726852	3.0
11.0592	553.389314443	0.0
11.0694	553.404833982	1.0
11.0797	553.42043692	0.0
11.0899	553.435820584	0.0
11.1002	553.451286916	0.0
11.1104	553.466535895	2.0
11.1206	553.4817183	0.0
11.1309	553.496982291	2.0
11.1411	553.512031773	0.0
11.1514	553.527162127	2.0
11.1616	553.54207985	0.0
11.1718	553.556932444	2.0
11.1821	553.571864853	1.0
11.1923	553.586587412	0.0
11.2026	553.601389086	0.0
11.2128	553.615982748	0.0
11.223	553.630512696	0.0
11.2333	553.645120725	0.0
11.2435	553.659523463	1.0
11.2538	553.674003598	2.0
11.264	553.688280238	1.0
11.2742	553.70249455	0.0
11.2845	553.716785246	0.0
11.2947	553.73087511	0.0
11.305	553.745040689	0.0
11.3152	553.759007196	1.0
11.3254	553.772912727	0.0
11.3357	553.786892983	0.0
11.3459	553.80067677	0.0
11.3562	553.814534628	0.0
11.3664	553.828197737	1.0
11.3766	553.841801196	1.0
11.3869	553.855477756	1.0
11.3971	553.868962115	0.0
11.4074	553.882518936	1.0
11.4176	553.895885239	2.0
11.4278	553.909193187	1.0
11.4381	553.922572648	0.0
11.4483	553.935764084	0.0
11.4586	553.949026407	0.0
11.4688	553.962102351	0.0
11.479	553.975121208	1.0
11.4893	553.988210024	0.0
11.4995	554.0011149	2.0
11.5098	554.014089123	0.0
11.52	554.026881016	0.0
11.5302	554.039617061	2.0
11.5405	554.052421547	0.0
11.5507	554.065046087	0.0
11.561	554.077738469	0.0
11.5712	554.09025248	0.0
11.5814	554.102711858	0.0
11.5917	554.115238189	1.0
11.6019	554.127588484	0.0
11.6122	554.140005147	2.0
11.6224	554.152247314	1.0
11.6326	554.164436034	1.0
11.6429	554.176690253	1.0
11.6531	554.18877226	0.0
11.6634	554.200919193	0.0
11.6736	554.212895421	1.0
11.6838	554.224819363	1.0
11.6941	554.236807382	1.0
11.7043	554.248626929	1.0
11.7146	554.260509991	1.0
11.7248	554.272226057	1.0
11.735	554.283890973	0.0
11.7453	554.295618573	1.0
11.7555	554.307181362	1.0
11.7658	554.318806286	1.0
11.776	554.330267842	0.0
11.7862	554.341679359	2.0
11.7965	554.353152198	0.0
11.8067	554.364463806	0.0
11.817	554.3758362	2.0
11.8272	554.387048773	0.0
11.8374	554.398212395	0.0
11.8477	554.409436008	0.0
11.8579	554.420501891	0.0
11.8682	554.43162724	0.0
11.8784	554.442596241	1.0
11.8886	554.453517353	0.0
11.8989	554.464497153	1.0
11.9091	554.47532265	1.0
11.9194	554.486206321	0.0
11.9296	554.49693704	0.0
11.9398	554.507620911	0.0
11.9501	554.518362194	0.0
11.9603	554.528952527	1.0
11.9706	554.53959977	0.0
11.9808	554.550097383	0.0
11.991	554.560549166	0.0
12.0013	554.571057114	0.0
12.0115	554.581417391	2.0
12.0218	554.591833341	0.0
12.032	554.602102913	0.0
12.0422	554.61232765	0.0
12.0525	554.622607332	3.0
12.0627	554.63274255	0.0
12.073	554.642932233	1.0
12.0832	554.652978716	1.0
12.0934	554.662981339	2.0
12.1037	554.673037714	0.0
12.1139	554.682952762	3.0
12.1242	554.692921093	0.0
[END DATA]
