TL-DOS Lehrstuhlversuch
detector=R1408301
job_number=2015-10-21-007
irradiation_dose [mSv]=2.0

[BEGIN DATA]
time [sec] 	 temperature [K] 	 photoncount 
0.0	107.132454747	0.0
0.0102	109.082470897	0.0
0.0205	111.042830455	0.0
0.0307	112.975506844	0.0
0.041	114.918434666	1.0
0.0512	116.833925481	0.0
0.0614	118.740922443	2.0
0.0717	120.658034629	2.0
0.0819	122.548074362	2.0
0.0922	124.448139373	0.0
0.1024	126.321372662	0.0
0.1126	128.186299481	1.0
0.1229	130.061118372	5.0
0.1331	131.909462054	2.0
0.1434	133.767609846	1.0
0.1536	135.59951785	1.0
0.1638	137.423302633	1.0
0.1741	139.256761259	0.0
0.1843	141.064328744	1.0
0.1946	142.881484052	0.0
0.2048	144.672978445	3.0
0.215	146.456528824	0.0
0.2253	148.249539631	2.0
0.2355	150.01723048	0.0
0.2458	151.794297636	0.0
0.256	153.546269981	0.0
0.2662	155.290473563	2.0
0.2765	157.043928869	0.0
0.2867	158.772622799	1.0
0.297	160.510486184	0.0
0.3072	162.223808375	0.0
0.3174	163.929533189	1.0
0.3277	165.644305624	0.0
0.3379	167.334862943	0.0
0.3482	169.03438743	1.0
0.3584	170.709912125	0.0
0.3686	172.378007048	0.0
0.3789	174.054949993	0.0
0.3891	175.70821203	0.0
0.3994	177.370243412	0.0
0.4096	179.008804459	0.0
0.4198	180.640099641	0.0
0.4301	182.280047651	0.0
0.4403	183.896837175	0.0
0.4506	185.522202585	0.0
0.4608	187.124615436	0.0
0.471	188.719922716	0.0
0.4813	190.323691933	0.0
0.4915	191.904813562	0.0
0.5018	193.494321884	0.0
0.512	195.061384004	1.0
0.5222	196.621497307	0.0
0.5325	198.18988587	0.0
0.5427	199.736126471	0.0
0.553	201.290568748	0.0
0.5632	202.823060006	1.0
0.5734	204.348755745	2.0
0.5837	205.882544183	0.0
0.5939	207.394673265	0.0
0.6042	208.914823086	0.0
0.6144	210.413506148	0.0
0.6246	211.905543607	1.0
0.6349	213.405495232	0.0
0.6451	214.884265327	0.0
0.6554	216.370879215	0.0
0.6656	217.836499922	0.0
0.6758	219.295621633	0.0
0.6861	220.762482918	0.0
0.6963	222.208629956	0.0
0.7066	223.662447746	0.0
0.7168	225.095735484	0.0
0.727	226.522667601	0.0
0.7373	227.957168548	0.0
0.7475	229.371412225	1.0
0.7578	230.79315743	1.0
0.768	232.194825494	0.0
0.7782	233.590278149	1.0
0.7885	234.993132658	0.0
0.7987	236.376176792	0.0
0.809	237.766556963	0.0
0.8192	239.137302914	0.0
0.8294	240.501970573	0.0
0.8397	241.873876795	0.0
0.8499	243.226409676	0.0
0.8602	244.586116755	1.0
0.8704	245.926622764	0.0
0.8806	247.261184573	1.0
0.8909	248.602825255	0.0
0.9011	249.925519992	0.0
0.9114	251.255230656	1.0
0.9216	252.566163844	1.0
0.9318	253.871283966	0.0
0.9421	255.183326796	1.0
0.9523	256.476841645	1.0
0.9626	257.777217643	0.0
0.9728	259.059230414	1.0
0.983	260.335558361	0.0
0.9933	261.618656294	1.0
1.0035	262.883634991	0.0
1.0138	264.155323474	1.0
1.024	265.409053839	0.0
1.0342	266.657224794	1.0
1.0445	267.912016381	2.0
1.0547	269.149088461	0.0
1.065	270.392722302	1.0
1.0752	271.618794198	0.0
1.0854	272.83942933	0.0
1.0957	274.066539037	1.0
1.1059	275.276320145	1.0
1.1162	276.492518256	0.0
1.1264	277.691541855	0.0
1.1366	278.885248629	0.0
1.1469	280.085287145	1.0
1.1571	281.268379345	0.0
1.1674	282.457746984	1.0
1.1776	283.630318997	0.0
1.1878	284.797691479	3.0
1.1981	285.971256018	0.0
1.2083	287.128248094	0.0
1.2186	288.291377166	1.0
1.2288	289.43808114	2.0
1.239	290.579700289	1.0
1.2493	291.727374892	0.0
1.2595	292.858842637	0.0
1.2698	293.99631199	1.0
1.28	295.117718597	1.0
1.2902	296.234152556	3.0
1.3005	297.35650838	0.0
1.3107	298.463014884	0.0
1.321	299.575390595	0.0
1.3312	300.672057919	2.0
1.3414	301.763862297	2.0
1.3517	302.861457898	2.0
1.3619	303.94355383	2.0
1.3722	305.031389488	2.0
1.3824	306.103863302	1.0
1.3926	307.17158145	3.0
1.4029	308.244963061	0.0
1.4131	309.303186941	1.0
1.4234	310.367023923	1.0
1.4336	311.415837958	2.0
1.4438	312.460001241	1.0
1.4541	313.509703046	2.0
1.4643	314.544581513	4.0
1.4746	315.584949253	4.0
1.4848	316.610625466	3.0
1.495	317.631753527	2.0
1.5053	318.658297925	1.0
1.5155	319.670346001	3.0
1.5258	320.687762252	4.0
1.536	321.690811084	3.0
1.5462	322.689412101	6.0
1.5565	323.693309966	3.0
1.5667	324.683031312	6.0
1.577	325.678002405	7.0
1.5872	326.658923038	2.0
1.5974	327.635493979	4.0
1.6077	328.617244915	5.0
1.6179	329.585132078	5.0
1.6282	330.558153175	8.0
1.6384	331.517433778	5.0
1.6486	332.472460647	7.0
1.6589	333.432553236	10.0
1.6691	334.3790879	14.0
1.6794	335.330643237	5.0
1.6896	336.26876121	7.0
1.6998	337.20271929	11.0
1.7101	338.141631334	15.0
1.7203	339.067284555	13.0
1.7306	339.997847688	9.0
1.7408	340.915269897	6.0
1.751	341.828623985	11.0
1.7613	342.746822748	13.0
1.7715	343.65205519	13.0
1.7818	344.562089227	12.0
1.792	345.459272241	17.0
1.8022	346.35247688	16.0
1.8125	347.250419317	17.0
1.8227	348.135681481	19.0
1.833	349.025639313	19.0
1.8432	349.903029627	14.0
1.8534	350.776529333	17.0
1.8637	351.654662316	23.0
1.8739	352.520394766	26.0
1.8842	353.390719293	27.0
1.8944	354.248753553	32.0
1.9046	355.102983036	37.0
1.9149	355.961743581	33.0
1.9251	356.80837716	30.0
1.9354	357.65950151	38.0
1.9456	358.498606729	28.0
1.9558	359.333991107	39.0
1.9661	360.173806588	49.0
1.9763	361.001762636	41.0
1.9866	361.834110384	39.0
1.9968	362.654704154	45.0
2.007	363.471659169	36.0
2.0173	364.292947532	56.0
2.0275	365.102638091	53.0
2.0378	365.916623467	57.0
2.048	366.719114168	58.0
2.0582	367.518046388	70.0
2.0685	368.321216359	72.0
2.0787	369.113044384	72.0
2.089	369.909072478	81.0
2.0992	370.693859481	71.0
2.1094	371.475166506	99.0
2.1197	372.260617793	74.0
2.1299	373.034977349	98.0
2.1402	373.813444316	112.0
2.1504	374.580918181	105.0
2.1606	375.344988839	120.0
2.1709	376.113112334	130.0
2.1811	376.870388791	113.0
2.1914	377.631682045	121.0
2.2016	378.382224716	115.0
2.2118	379.129439259	130.0
2.2221	379.880617228	152.0
2.2323	380.621187455	155.0
2.2426	381.365685866	152.0
2.2528	382.09967086	170.0
2.263	382.830401149	180.0
2.2733	383.565007426	170.0
2.2835	384.28923998	183.0
2.2938	385.017314056	204.0
2.304	385.735106653	220.0
2.3142	386.449716345	219.0
2.3245	387.168116518	235.0
2.3347	387.876371821	219.0
2.345	388.588383901	236.0
2.3552	389.290341318	232.0
2.3654	389.98918605	251.0
2.3757	390.691737641	276.0
2.3859	391.384368167	276.0
2.3962	392.080672591	273.0
2.4064	392.76714417	289.0
2.4166	393.45057173	310.0
2.4269	394.137624374	304.0
2.4371	394.81497482	333.0
2.4474	395.495918115	330.0
2.4576	396.167245486	356.0
2.4678	396.835595992	334.0
2.4781	397.50749161	368.0
2.4883	398.169899069	327.0
2.4986	398.835820116	367.0
2.5088	399.492337374	332.0
2.519	400.145943441	368.0
2.5293	400.80301641	361.0
2.5395	401.45081054	376.0
2.5498	402.102040743	384.0
2.56	402.744074614	343.0
2.5702	403.383261518	367.0
2.5805	404.02583884	391.0
2.5907	404.659342023	361.0
2.601	405.296205476	371.0
2.6112	405.924075478	349.0
2.6214	406.549161318	363.0
2.6317	407.177562782	345.0
2.6419	407.797090289	326.0
2.6522	408.419903937	330.0
2.6624	409.033922537	371.0
2.6726	409.645218397	346.0
2.6829	410.259756734	343.0
2.6931	410.865616883	345.0
2.7034	411.474690677	311.0
2.7136	412.07516345	306.0
2.7238	412.672973549	298.0
2.7341	413.273954594	270.0
2.7443	413.866448899	248.0
2.7546	414.462085953	262.0
2.7648	415.049311733	279.0
2.775	415.63393358	249.0
2.7853	416.221656419	233.0
2.7955	416.801079743	249.0
2.8058	417.383576485	228.0
2.816	417.957847513	232.0
2.8262	418.529572053	213.0
2.8365	419.104329174	205.0
2.8467	419.670969876	178.0
2.857	420.240616193	209.0
2.8672	420.802218263	212.0
2.8774	421.361330023	183.0
2.8877	421.923407462	193.0
2.8979	422.477547538	190.0
2.9082	423.034626922	208.0
2.9184	423.583839523	203.0
2.9286	424.130616753	196.0
2.9389	424.680294236	167.0
2.9491	425.222209462	202.0
2.9594	425.766999152	181.0
2.9696	426.304095607	196.0
2.9798	426.838810418	209.0
2.9901	427.3763615	208.0
3.0003	427.906321568	193.0
3.0106	428.439092685	201.0
3.0208	428.964340288	238.0
3.031	429.487258789	229.0
3.0413	430.012950989	214.0
3.0515	430.53121964	240.0
3.0618	431.052237326	225.0
3.072	431.565897474	227.0
3.0822	432.077279901	256.0
3.0925	432.591374838	264.0
3.1027	433.098209996	285.0
3.113	433.607733543	273.0
3.1232	434.110061866	253.0
3.1334	434.610162717	257.0
3.1437	435.112916236	275.0
3.1539	435.608570135	301.0
3.1642	436.106853114	294.0
3.1744	436.598099603	282.0
3.1846	437.087167759	313.0
3.1949	437.578830064	321.0
3.2051	438.063549372	308.0
3.2154	438.550839761	320.0
3.2256	439.031248891	328.0
3.2358	439.509527745	347.0
3.2461	439.990343518	352.0
3.2563	440.464369463	375.0
3.2666	440.940909768	352.0
3.2768	441.410720622	340.0
3.287	441.878448195	358.0
3.2973	442.348656721	349.0
3.3075	442.812225208	370.0
3.3178	443.278252587	361.0
3.328	443.737698972	381.0
3.3382	444.195108036	385.0
3.3485	444.65494332	387.0
3.3587	445.108285051	395.0
3.369	445.564031429	357.0
3.3792	446.013341995	403.0
3.3894	446.460660186	377.0
3.3997	446.910351072	385.0
3.4099	447.353691659	368.0
3.4202	447.799383843	393.0
3.4304	448.238782197	364.0
3.4406	448.676232128	370.0
3.4509	449.116002411	345.0
3.4611	449.549562488	347.0
3.4714	449.985422285	412.0
3.4816	450.415127098	352.0
3.4918	450.842926473	356.0
3.5021	451.272995011	357.0
3.5123	451.696990346	375.0
3.5226	452.123234666	367.0
3.5328	452.543459788	374.0
3.543	452.961821507	328.0
3.5533	453.382402329	327.0
3.5635	453.797043929	368.0
3.5738	454.213884899	345.0
3.584	454.62483946	333.0
3.5942	455.033971727	313.0
3.6045	455.445274141	345.0
3.6147	455.850768358	349.0
3.625	456.258413425	318.0
3.6352	456.660301943	308.0
3.6454	457.060408368	303.0
3.6557	457.462637064	326.0
3.6659	457.859185698	329.0
3.6762	458.257837733	341.0
3.6864	458.650860212	286.0
3.6966	459.042139913	313.0
3.7069	459.435495067	293.0
3.7171	459.823295466	304.0
3.7274	460.213152862	305.0
3.7376	460.597504897	285.0
3.7478	460.980152601	304.0
3.7581	461.364829971	282.0
3.7683	461.744075129	297.0
3.7786	462.125331905	333.0
3.7888	462.501204772	304.0
3.799	462.875410909	314.0
3.8093	463.251601935	328.0
3.8195	463.622480589	301.0
3.8298	463.995326482	308.0
3.84	464.362907242	292.0
3.8502	464.728858039	299.0
3.8605	465.096749938	281.0
3.8707	465.45944666	273.0
3.881	465.824067224	296.0
3.8912	466.183538806	287.0
3.9014	466.541416386	293.0
3.9117	466.901192244	298.0
3.9219	467.255887536	290.0
3.9322	467.612464227	328.0
3.9424	467.964005529	290.0
3.9526	468.313987993	289.0
3.9629	468.665826858	302.0
3.9731	469.012697239	332.0
3.9834	469.361407514	301.0
3.9936	469.705193485	298.0
4.0038	470.047455007	262.0
4.0141	470.391531977	285.0
4.0243	470.730750071	273.0
4.0346	471.07176747	281.0
4.0448	471.4079692	294.0
4.055	471.742680111	270.0
4.0653	472.07916642	286.0
4.0755	472.410901045	301.0
4.0858	472.744395279	340.0
4.096	473.073180083	299.0
4.1062	473.400506958	270.0
4.1165	473.729570063	281.0
4.1267	474.05398631	304.0
4.137	474.380123349	308.0
4.1472	474.701654851	299.0
4.1574	475.021760588	279.0
4.1677	475.343564252	272.0
4.1779	475.660823572	260.0
4.1882	475.979765722	309.0
4.1984	476.294203937	266.0
4.2086	476.607247841	319.0
4.2189	476.921952213	270.0
4.2291	477.232212496	289.0
4.2394	477.544118482	267.0
4.2496	477.851619895	289.0
4.2598	478.157757756	295.0
4.2701	478.465519455	277.0
4.2803	478.768935104	253.0
4.2906	479.073960151	275.0
4.3008	479.374677795	264.0
4.311	479.674061967	281.0
4.3213	479.975034154	269.0
4.3315	480.271756169	290.0
4.3418	480.570052077	253.0
4.352	480.864135607	276.0
4.3622	481.156915084	287.0
4.3725	481.451247542	293.0
4.3827	481.74142359	248.0
4.393	482.033138811	272.0
4.4032	482.320734582	247.0
4.4134	482.607055069	260.0
4.4237	482.894894276	260.0
4.4339	483.178668769	239.0
4.4442	483.463948478	252.0
4.4544	483.745199616	237.0
4.4646	484.025203604	215.0
4.4749	484.306692808	269.0
4.4851	484.584206969	244.0
4.4954	484.86319314	235.0
4.5056	485.138239614	262.0
4.5158	485.412066451	271.0
4.5261	485.687345739	225.0
4.5363	485.958737677	257.0
4.5466	486.231569151	262.0
4.5568	486.500547841	249.0
4.567	486.768333801	238.0
4.5773	487.03754017	253.0
4.5875	487.302944947	237.0
4.5978	487.569757502	257.0
4.608	487.832802271	273.0
4.6182	488.094680621	238.0
4.6285	488.357948044	234.0
4.6387	488.617497743	251.0
4.649	488.878424162	250.0
4.6592	489.135665916	211.0
4.6694	489.391766984	245.0
4.6797	489.649226481	212.0
4.6899	489.903050269	239.0
4.7002	490.158220407	252.0
4.7104	490.409787167	201.0
4.7206	490.660238404	228.0
4.7309	490.912018103	259.0
4.7411	491.1602423	238.0
4.7514	491.409783146	213.0
4.7616	491.655800106	200.0
4.7718	491.900726154	265.0
4.7821	492.146951356	241.0
4.7923	492.389699495	243.0
4.8026	492.633735235	211.0
4.8128	492.87432483	227.0
4.823	493.11384758	236.0
4.8333	493.354640823	242.0
4.8435	493.59203371	244.0
4.8538	493.830685792	241.0
4.864	494.065967755	250.0
4.8742	494.300206408	256.0
4.8845	494.535687526	200.0
4.8947	494.767843303	234.0
4.905	495.001230496	221.0
4.9152	495.231321918	221.0
4.9254	495.460393046	229.0
4.9357	495.69067923	253.0
4.9459	495.917713432	225.0
4.9562	496.145951885	228.0
4.9664	496.370967274	236.0
4.9766	496.594984878	247.0
4.9869	496.820190732	222.0
4.9971	497.042216347	252.0
5.0074	497.265419645	250.0
5.0176	497.485470984	224.0
5.0278	497.704546549	238.0
5.0381	497.92478415	258.0
5.0483	498.141911672	209.0
5.0586	498.360190896	231.0
5.0688	498.575387695	242.0
5.079	498.789630248	222.0
5.0893	499.005009201	220.0
5.0995	499.217346685	259.0
5.1098	499.430810465	237.0
5.12	499.64125982	220.0
5.1302	499.850775982	216.0
5.1405	500.061403473	249.0
5.1507	500.269056593	247.0
5.161	500.477811161	232.0
5.1712	500.683617806	257.0
5.1814	500.888511844	217.0
5.1917	501.094492695	229.0
5.2019	501.297564792	208.0
5.2122	501.501714038	219.0
5.2224	501.702980396	219.0
5.2326	501.903354279	230.0
5.2429	502.104790999	217.0
5.2531	502.303383135	221.0
5.2634	502.503028657	213.0
5.2736	502.69985489	224.0
5.2838	502.895808337	202.0
5.2941	503.092801174	231.0
5.3043	503.287012181	224.0
5.3146	503.482253336	217.0
5.3248	503.674737397	214.0
5.335	503.866367927	225.0
5.3453	504.059014917	210.0
5.3555	504.248941447	212.0
5.3658	504.439875398	207.0
5.376	504.62811308	201.0
5.3862	504.815516061	207.0
5.3965	505.003913077	199.0
5.4067	505.18964965	177.0
5.417	505.376371419	195.0
5.4272	505.560456401	178.0
5.4374	505.743725096	179.0
5.4477	505.927965898	216.0
5.4579	506.109604947	156.0
5.4682	506.292207458	183.0
5.4784	506.472231353	161.0
5.4886	506.651456969	167.0
5.4989	506.831633245	146.0
5.5091	507.009265166	160.0
5.5194	507.187839295	159.0
5.5296	507.363891693	145.0
5.5398	507.539163424	146.0
5.5501	507.715364842	171.0
5.5603	507.889078037	130.0
5.5706	508.063712652	127.0
5.5808	508.23588117	137.0
5.591	508.407286241	152.0
5.6013	508.579600491	132.0
5.6115	508.749481409	126.0
5.6218	508.920263421	118.0
5.632	509.088633739	111.0
5.6422	509.256257454	119.0
5.6525	509.424770289	111.0
5.6627	509.590903475	109.0
5.673	509.757917876	98.0
5.6832	509.922573787	109.0
5.6934	510.086499565	111.0
5.7037	510.251294849	110.0
5.7139	510.41376298	97.0
5.7242	510.577092887	93.0
5.7344	510.738116334	102.0
5.7446	510.898425755	101.0
5.7549	511.0595855	84.0
5.7651	511.218469433	78.0
5.7754	511.378196128	86.0
5.7856	511.535667246	89.0
5.7958	511.692440091	79.0
5.8061	511.850044501	83.0
5.8163	512.005423305	58.0
5.8266	512.161626279	64.0
5.8368	512.315623437	66.0
5.847	512.468937726	78.0
5.8573	512.623065235	72.0
5.8675	512.775016236	61.0
5.8778	512.927773226	61.0
5.888	513.078373062	66.0
5.8982	513.228305094	54.0
5.9085	513.379032405	58.0
5.9187	513.527631224	54.0
5.929	513.677018252	50.0
5.9392	513.824295714	55.0
5.9494	513.970920104	50.0
5.9597	514.11832223	51.0
5.9699	514.26364282	50.0
5.9802	514.409734229	50.0
5.9904	514.553762612	41.0
6.0006	514.697152331	31.0
6.0109	514.841302627	41.0
6.0211	514.983417308	32.0
6.0314	515.126285804	36.0
6.0416	515.267136786	38.0
6.0518	515.407363192	28.0
6.0621	515.548333398	42.0
6.0723	515.687312896	28.0
6.0826	515.827029578	42.0
6.0928	515.964773255	24.0
6.103	516.101906136	34.0
6.1133	516.239766406	35.0
6.1235	516.375679886	25.0
6.1338	516.512314287	22.0
6.144	516.647019209	27.0
6.1542	516.781126809	20.0
6.1645	516.915945753	23.0
6.1747	517.048860853	19.0
6.185	517.182480972	17.0
6.1952	517.314214177	8.0
6.2054	517.445363238	15.0
6.2157	517.577207948	20.0
6.2259	517.707190817	20.0
6.2362	517.83786315	12.0
6.2464	517.966690197	13.0
6.2566	518.094945986	14.0
6.2669	518.223882079	17.0
6.2771	518.350997404	7.0
6.2874	518.478786982	13.0
6.2976	518.604771984	14.0
6.3078	518.73019833	11.0
6.3181	518.856289971	15.0
6.3283	518.980601013	8.0
6.3386	519.105571433	9.0
6.3488	519.228777087	14.0
6.359	519.35143641	14.0
6.3693	519.474746352	8.0
6.3795	519.596314975	10.0
6.3898	519.718528431	6.0
6.4	519.839016052	5.0
6.4102	519.958969396	9.0
6.4205	520.079559004	6.0
6.4307	520.198445709	5.0
6.441	520.317963021	7.0
6.4512	520.435792572	11.0
6.4614	520.553099633	10.0
6.4717	520.671028921	3.0
6.4819	520.787292874	3.0
6.4922	520.904173522	9.0
6.5024	521.019403643	3.0
6.5126	521.134122799	6.0
6.5229	521.249450456	7.0
6.5331	521.363149517	3.0
6.5434	521.477451668	5.0
6.5536	521.590139705	5.0
6.5638	521.702328049	6.0
6.5741	521.81511147	3.0
6.5843	521.926302223	9.0
6.5946	522.038082761	4.0
6.6048	522.148284793	9.0
6.615	522.257998157	3.0
6.6253	522.36829347	5.0
6.6355	522.477031251	4.0
6.6458	522.586345805	4.0
6.656	522.694116677	1.0
6.6662	522.801409661	5.0
6.6765	522.909271756	5.0
6.6867	523.015610679	4.0
6.697	523.122513652	4.0
6.7072	523.227906997	3.0
6.7174	523.332832998	5.0
6.7277	523.438315553	3.0
6.7379	523.54230854	4.0
6.7482	523.646853133	2.0
6.7584	523.749921402	2.0
6.7686	523.852532636	4.0
6.7789	523.955688148	3.0
6.7891	524.057386951	5.0
6.7994	524.159625192	3.0
6.8096	524.260419679	3.0
6.8198	524.360767213	6.0
6.8301	524.461647017	3.0
6.8403	524.561102249	4.0
6.8506	524.661085019	2.0
6.8608	524.759655884	2.0
6.871	524.857789657	3.0
6.8813	524.956443958	3.0
6.8915	525.053705115	5.0
6.9018	525.151482171	5.0
6.912	525.24787847	2.0
6.9222	525.34384732	2.0
6.9325	525.440325214	4.0
6.9427	525.535440699	2.0
6.953	525.631060701	1.0
6.9632	525.725330408	0.0
6.9734	525.819182095	1.0
6.9837	525.913531596	1.0
6.9939	526.006548743	1.0
7.0042	526.100059279	4.0
7.0144	526.192249307	1.0
7.0246	526.284030538	1.0
7.0349	526.376298601	0.0
7.0451	526.467263702	3.0
7.0554	526.558711307	1.0
7.0656	526.648867537	2.0
7.0758	526.738623988	3.0
7.0861	526.82885653	1.0
7.0963	526.917814857	2.0
7.1066	527.007245042	0.0
7.1168	527.09541234	3.0
7.127	527.183188679	3.0
7.1373	527.271430608	2.0
7.1475	527.35842643	3.0
7.1578	527.445883701	2.0
7.168	527.532105946	2.0
7.1782	527.617945857	2.0
7.1885	527.704241085	3.0
7.1987	527.789317697	2.0
7.209	527.874845579	3.0
7.2192	527.959165681	1.0
7.2294	528.043111882	2.0
7.2397	528.127503357	5.0
7.2499	528.210703099	5.0
7.2602	528.294344156	3.0
7.2704	528.376804077	1.0
7.2806	528.458898346	2.0
7.2909	528.541428066	1.0
7.3011	528.622792344	1.0
7.3114	528.7045882	2.0
7.3216	528.785228978	0.0
7.3318	528.865512171	2.0
7.3421	528.946221207	1.0
7.3523	529.025790513	2.0
7.3626	529.105781875	2.0
7.3728	529.184643642	2.0
7.383	529.263155712	3.0
7.3933	529.342084231	0.0
7.4035	529.419898164	3.0
7.4138	529.498124842	4.0
7.424	529.575246844	1.0
7.4342	529.652026864	0.0
7.4445	529.729214146	2.0
7.4547	529.80531143	2.0
7.465	529.881812354	1.0
7.4752	529.957232972	1.0
7.4854	530.032319153	2.0
7.4957	530.107803611	0.0
7.5059	530.182222117	3.0
7.5162	530.257035359	4.0
7.5264	530.330792128	2.0
7.5366	530.404221837	2.0
7.5469	530.478041037	1.0
7.5571	530.550817801	2.0
7.5674	530.623980593	1.0
7.5776	530.696110218	4.0
7.5878	530.767919999	1.0
7.5981	530.840110678	1.0
7.6083	530.911281918	3.0
7.6186	530.98283067	1.0
7.6288	531.053369048	1.0
7.639	531.123594637	0.0
7.6493	531.194192723	5.0
7.6595	531.263793859	4.0
7.6698	531.333764178	1.0
7.68	531.402746413	1.0
7.6902	531.47142276	1.0
7.7005	531.540463385	0.0
7.7107	531.608529054	3.0
7.721	531.676955763	3.0
7.7312	531.744416185	2.0
7.7414	531.811577467	3.0
7.7517	531.879094991	2.0
7.7619	531.945659068	0.0
7.7722	532.012576219	2.0
7.7824	532.078548401	1.0
7.7926	532.144228042	1.0
7.8029	532.210256066	0.0
7.8131	532.275351677	4.0
7.8234	532.340792573	1.0
7.8336	532.405309347	2.0
7.8438	532.469540034	0.0
7.8541	532.534111417	2.0
7.8643	532.597770958	0.0
7.8746	532.661768166	3.0
7.8848	532.724861639	0.0
7.895	532.787675337	0.0
7.9053	532.850822215	2.0
7.9155	532.913077367	1.0
7.9258	532.975662736	0.0
7.936	533.037364308	2.0
7.9462	533.098792277	1.0
7.9565	533.160546076	2.0
7.9667	533.22142782	0.0
7.977	533.282632498	2.0
7.9872	533.342972875	2.0
7.9974	533.403045685	1.0
8.0077	533.463437137	3.0
8.0179	533.522975773	5.0
8.0282	533.582830218	4.0
8.0384	533.641839429	2.0
8.0486	533.700586977	6.0
8.0589	533.759646137	4.0
8.0691	533.817871295	1.0
8.0794	533.876405294	4.0
8.0896	533.934112707	2.0
8.0998	533.991564229	1.0
8.1101	534.049320488	2.0
8.1203	534.106261144	0.0
8.1306	534.163503829	2.0
8.1408	534.219938162	0.0
8.151	534.276122249	4.0
8.1613	534.332604352	1.0
8.1715	534.388288843	1.0
8.1818	534.444268701	4.0
8.192	534.49945804	1.0
8.2022	534.554402653	0.0
8.2125	534.609638707	0.0
8.2227	534.664094746	0.0
8.233	534.718839635	2.0
8.2432	534.772811446	1.0
8.2534	534.826543929	3.0
8.2637	534.880561424	2.0
8.2739	534.933816112	4.0
8.2842	534.987353278	1.0
8.2944	535.040134419	3.0
8.3046	535.092681514	0.0
8.3149	535.145507332	0.0
8.3251	535.197587172	0.0
8.3354	535.249943257	0.0
8.3456	535.301559997	0.0
8.3558	535.352947853	0.0
8.3661	535.404608284	3.0
8.3763	535.455539194	1.0
8.3866	535.506740255	2.0
8.3968	535.557218281	4.0
8.407	535.607472473	0.0
8.4173	535.657993226	3.0
8.4275	535.707800552	3.0
8.4378	535.75787207	0.0
8.448	535.807236503	3.0
8.4582	535.85638204	2.0
8.4685	535.905788259	2.0
8.4787	535.954496788	2.0
8.489	536.003463681	1.0
8.4992	536.051739089	1.0
8.5094	536.099800429	1.0
8.5197	536.1481167	1.0
8.5299	536.195750674	6.0
8.5402	536.243637311	4.0
8.5504	536.290847718	3.0
8.5606	536.33784878	1.0
8.5709	536.385099148	1.0
8.5811	536.431682272	1.0
8.5914	536.478512485	0.0
8.6016	536.524681386	0.0
8.6118	536.57064556	0.0
8.6221	536.616853541	0.0
8.6323	536.662408997	0.0
8.6426	536.708206092	2.0
8.6528	536.753356464	0.0
8.663	536.798306625	0.0
8.6733	536.843495215	3.0
8.6835	536.888045675	1.0
8.6938	536.932832442	0.0
8.704	536.976986755	1.0
8.7142	537.020945274	1.0
8.7245	537.06513696	0.0
8.7347	537.108704595	1.0
8.745	537.152503325	1.0
8.7552	537.195683551	3.0
8.7654	537.238672304	1.0
8.7757	537.281889081	2.0
8.7859	537.324495573	1.0
8.7962	537.367328061	1.0
8.8064	537.409555691	1.0
8.8166	537.451596072	2.0
8.8269	537.493859446	1.0
8.8371	537.535525999	2.0
8.8474	537.577413562	1.0
8.8576	537.618709611	1.0
8.8678	537.659822542	2.0
8.8781	537.701153546	1.0
8.8883	537.741900895	2.0
8.8986	537.78286438	1.0
8.9088	537.823249399	1.0
8.919	537.86345534	0.0
8.9293	537.903874543	1.0
8.9395	537.943722968	1.0
8.9498	537.98378276	2.0
8.96	538.023276848	0.0
8.9702	538.062595807	0.0
8.9805	538.102123325	2.0
8.9907	538.141092656	2.0
9.001	538.180268691	2.0
9.0112	538.218891503	2.0
9.0214	538.257343049	0.0
9.0317	538.295998553	1.0
9.0419	538.334108184	3.0
9.0522	538.372419959	1.0
9.0624	538.410190715	0.0
9.0726	538.447793984	1.0
9.0829	538.485596711	2.0
9.0931	538.522865608	3.0
9.1034	538.560332189	2.0
9.1136	538.597269687	2.0
9.1238	538.634043392	2.0
9.1341	538.671012156	0.0
9.1443	538.707458866	0.0
9.1546	538.744098899	1.0
9.1648	538.780221521	2.0
9.175	538.816183964	3.0
9.1853	538.852337162	2.0
9.1955	538.887979823	2.0
9.2058	538.923811543	1.0
9.216	538.959137265	0.0
9.2262	538.994306344	2.0
9.2365	539.029661968	0.0
9.2467	539.064518319	1.0
9.257	539.099559557	5.0
9.2672	539.134105961	1.0
9.2774	539.168499176	3.0
9.2877	539.203074822	0.0
9.2979	539.237162209	0.0
9.3082	539.271430405	1.0
9.3184	539.305214683	2.0
9.3286	539.338849151	1.0
9.3389	539.372662026	3.0
9.3491	539.405997413	3.0
9.3594	539.43950962	2.0
9.3696	539.472548586	2.0
9.3798	539.505441046	1.0
9.3901	539.538507977	2.0
9.4003	539.571107955	0.0
9.4106	539.603880851	1.0
9.4208	539.636190945	2.0
9.431	539.668357768	1.0
9.4413	539.700695211	1.0
9.4515	539.732576002	0.0
9.4618	539.764625898	0.0
9.472	539.796223201	1.0
9.4822	539.827680393	2.0
9.4925	539.859304442	2.0
9.5027	539.890481913	1.0
9.513	539.921824758	4.0
9.5232	539.952724995	1.0
9.5334	539.983488212	3.0
9.5437	540.014414605	1.0
9.5539	540.044904271	0.0
9.5642	540.075555663	0.0
9.5744	540.105774212	0.0
9.5846	540.135858764	2.0
9.5949	540.166102891	0.0
9.6051	540.195919927	1.0
9.6154	540.225895121	2.0
9.6256	540.25544702	1.0
9.6358	540.284867878	1.0
9.6461	540.314444792	1.0
9.6563	540.343604036	1.0
9.6666	540.372917949	0.0
9.6768	540.401817906	1.0
9.687	540.430589712	1.0
9.6973	540.459514131	2.0
9.7075	540.488030095	3.0
9.7178	540.516697315	2.0
9.728	540.544959712	2.0
9.7382	540.573096785	2.0
9.7485	540.601383104	1.0
9.7587	540.629269979	4.0
9.769	540.657304774	3.0
9.7792	540.684943675	0.0
9.7894	540.712460018	0.0
9.7997	540.740122315	1.0
9.8099	540.767393979	0.0
9.8202	540.7948103	1.0
9.8304	540.821839461	3.0
9.8406	540.848748768	2.0
9.8509	540.875800808	0.0
9.8611	540.902470834	0.0
9.8714	540.929282325	1.0
9.8816	540.955715198	2.0
9.8918	540.982030859	1.0
9.9021	541.008486106	0.0
9.9123	541.034567766	2.0
9.9226	541.060787771	3.0
9.9328	541.086637509	1.0
9.943	541.112372623	0.0
9.9533	541.138244243	3.0
9.9635	541.163750517	0.0
9.9738	541.189392083	0.0
9.984	541.214671552	0.0
9.9942	541.239838925	1.0
10.0045	541.265139792	1.0
10.0147	541.290083374	3.0
10.025	541.315159263	0.0
10.0352	541.339881044	1.0
10.0454	541.364493201	2.0
10.0557	541.389235907	0.0
10.0659	541.41362921	1.0
10.0762	541.438151901	0.0
10.0864	541.462328296	1.0
10.0966	541.486397486	0.0
10.1069	541.510594345	0.0
10.1171	541.534449509	1.0
10.1274	541.558431207	1.0
10.1376	541.582074248	1.0
10.1478	541.605612448	2.0
10.1581	541.629275502	1.0
10.1683	541.652604398	0.0
10.1786	541.676057038	2.0
10.1888	541.699178491	1.0
10.199	541.722197417	1.0
10.2093	541.745338441	2.0
10.2195	541.76815268	2.0
10.2298	541.791087932	0.0
10.24	541.813699304	1.0
10.2502	541.836210411	2.0
10.2605	541.858840923	0.0
10.2707	541.881151858	4.0
10.281	541.903581137	2.0
10.2912	541.925693681	1.0
10.3014	541.947708172	1.0
10.3117	541.969839433	2.0
10.3219	541.991658169	1.0
10.3322	542.013592637	0.0
10.3424	542.035217357	3.0
10.3526	542.056746188	3.0
10.3629	542.078389213	3.0
10.3731	542.099726606	1.0
10.3834	542.121177179	0.0
10.3936	542.142324838	1.0
10.4038	542.163378722	0.0
10.4141	542.184544282	0.0
10.4243	542.205410952	0.0
10.4346	542.226388305	0.0
10.4448	542.247069427	0.0
10.455	542.267658843	0.0
10.4653	542.28835747	3.0
10.4755	542.308763802	1.0
10.4858	542.329278375	0.0
10.496	542.349503252	0.0
10.5062	542.369638446	1.0
10.5165	542.389880442	2.0
10.5267	542.409836592	0.0
10.537	542.429898594	2.0
10.5472	542.449677291	2.0
10.5574	542.469368284	2.0
10.5677	542.489163722	1.0
10.5779	542.508679621	2.0
10.5882	542.528299036	1.0
10.5984	542.547641397	0.0
10.6086	542.566897987	1.0
10.6189	542.58625672	2.0
10.6291	542.605342079	1.0
10.6394	542.624528672	1.0
10.6496	542.643444322	1.0
10.6598	542.662276094	0.0
10.6701	542.681207755	2.0
10.6803	542.699872073	1.0
10.6906	542.718635392	3.0
10.7008	542.737133745	2.0
10.711	542.75555007	1.0
10.7213	542.774064081	0.0
10.7315	542.792316647	1.0
10.7418	542.810666029	0.0
10.752	542.828756291	0.0
10.7622	542.846766335	0.0
10.7725	542.86487191	1.0
10.7827	542.882721807	1.0
10.793	542.900666384	1.0
10.8032	542.918357558	1.0
10.8134	542.935970284	1.0
10.8237	542.953676432	0.0
10.8339	542.971132543	3.0
10.8442	542.988681247	1.0
10.8544	543.005982137	2.0
10.8646	543.023206309	4.0
10.8749	543.040521843	0.0
10.8851	543.057592857	2.0
10.8954	543.074754419	4.0
10.9056	543.091673635	0.0
10.9158	543.108517826	2.0
10.9261	543.125451363	2.0
10.9363	543.142145774	2.0
10.9466	543.158928736	1.0
10.9568	543.175474698	2.0
10.967	543.191947291	0.0
10.9773	543.208507258	1.0
10.9875	543.224833374	6.0
10.9978	543.241246089	1.0
11.008	543.257427032	5.0
11.0182	543.273536223	2.0
11.0285	543.289730862	0.0
11.0387	543.305696809	1.0
11.049	543.321747444	1.0
11.0592	543.337571419	4.0
11.0694	543.353325227	1.0
11.0797	543.369162597	2.0
11.0899	543.38477632	2.0
11.1002	543.400472863	0.0
11.1104	543.415947747	2.0
11.1206	543.431354011	2.0
11.1309	543.446841994	2.0
11.1411	543.462111263	0.0
11.1514	543.477461525	2.0
11.1616	543.492595019	1.0
11.1718	543.507661406	1.0
11.1821	543.522807709	0.0
11.1923	543.537740125	1.0
11.2026	543.552751746	1.0
11.2128	543.56755138	0.0
11.223	543.582285389	0.0
11.2333	543.59709755	0.0
11.2435	543.611700543	0.0
11.2538	543.626380993	1.0
11.264	543.640854134	0.0
11.2742	543.655263096	1.0
11.2845	543.669748488	0.0
11.2947	543.684029324	0.0
11.305	543.69838591	0.0
11.3152	543.71253976	2.0
11.3254	543.726630847	1.0
11.3357	543.740796677	1.0
11.3459	543.754762465	2.0
11.3562	543.768802331	0.0
11.3664	543.782643933	0.0
11.3766	543.796424158	1.0
11.3869	543.810277477	1.0
11.3971	543.823935166	0.0
11.4074	543.8376653	1.0
11.4176	543.851201543	0.0
11.4278	543.864677763	0.0
11.4381	543.878225465	2.0
11.4483	543.891581853	0.0
11.4586	543.905009086	0.0
11.4688	543.918246708	1.0
11.479	543.93142563	2.0
11.4893	543.944674456	1.0
11.4995	543.95773619	1.0
11.5098	543.970867206	1.0
11.52	543.983812793	0.0
11.5302	543.996700976	1.0
11.5405	544.009657521	0.0
11.5507	544.0224311	0.0
11.561	544.035272434	1.0
11.5712	544.047932429	2.0
11.5814	544.060536286	0.0
11.5917	544.073206998	1.0
11.6019	544.08569878	1.0
11.6122	544.098256822	1.0
11.6224	544.110637526	3.0
11.6326	544.12296333	0.0
11.6429	544.135354514	2.0
11.6531	544.147570715	1.0
11.6634	544.159851715	2.0
11.6736	544.171959289	1.0
11.6838	544.184013175	1.0
11.6941	544.196130997	1.0
11.7043	544.208077698	0.0
11.7146	544.220087767	2.0
11.7248	544.231928237	1.0
11.735	544.243716202	0.0
11.7453	544.255566694	0.0
11.7555	544.26724984	0.0
11.7658	544.278994956	1.0
11.776	544.290574213	3.0
11.7862	544.302102125	0.0
11.7965	544.313691184	0.0
11.8067	544.325116588	1.0
11.817	544.336602596	0.0
11.8272	544.347926404	1.0
11.8374	544.359199999	5.0
11.8477	544.370533393	3.0
11.8579	544.381706742	1.0
11.8682	544.392939358	1.0
11.8784	544.404013352	2.0
11.8886	544.415038241	1.0
11.8989	544.426121609	0.0
11.9091	544.437048464	1.0
11.9194	544.448033277	0.0
11.9296	544.458862969	0.0
11.9398	544.469644639	4.0
11.9501	544.480483498	1.0
11.9603	544.491169295	0.0
11.9706	544.501911774	1.0
11.9808	544.512502552	0.0
11.991	544.523046368	1.0
12.0013	544.533646111	2.0
12.0115	544.544096171	2.0
12.0218	544.55460166	3.0
12.032	544.564958796	2.0
12.0422	544.575270005	1.0
12.0525	544.585635908	1.0
12.0627	544.595855429	1.0
12.073	544.606129157	2.0
12.0832	544.616257805	2.0
12.0934	544.62634154	0.0
12.1037	544.636478761	2.0
12.1139	544.64647283	2.0
12.1242	544.65651991	0.0
[END DATA]
